'Richard Bush' 20 12 18 17 21 1 27 7 10 31 23 9 3 32 16 4 2 15 19 8 6 24 25 26 11 5 30 28 14 13 29 22
'Calvin Herrera' 19 16 31 15 28 21 13 25 5 32 4 30 27 11 26 2 8 22 9 10 12 29 14 23 6 20 24 18 17 7 1 3
'Lisa Mitchell' 17 30 27 5 22 11 12 29 16 25 32 28 8 21 31 15 1 4 19 18 23 26 20 2 7 3 6 14 13 24 10 9
'Jason Reynolds' 29 21 11 30 17 16 7 1 24 18 15 4 27 9 14 31 6 3 13 12 8 10 19 25 22 26 5 23 32 28 20 2
'Mr. Brandon Miller' 21 24 26 6 10 2 9 28 25 29 17 19 27 1 12 14 7 13 18 30 16 11 3 23 5 32 8 15 20 22 31 4
'Richard Alexander' 4 6 20 19 26 27 8 23 32 14 13 30 21 11 10 25 22 2 16 9 28 15 3 7 29 1 24 5 17 31 18 12
'Danielle Jones' 6 20 2 12 28 24 10 4 31 25 8 21 17 26 13 22 1 32 15 5 9 27 11 19 3 7 30 16 23 14 18 29
'Marcia Cox' 31 18 3 27 5 32 14 13 12 26 19 24 23 2 11 4 6 25 7 21 10 20 8 1 9 16 17 15 30 22 29 28
'Jason Thompson' 5 12 31 7 29 8 24 26 20 9 1 16 30 11 32 28 22 19 13 21 23 6 15 2 25 18 27 3 10 14 4 17
'Colton Perez' 5 1 11 10 19 3 29 16 17 25 4 22 23 13 21 15 12 14 26 2 20 24 32 7 30 9 18 6 28 27 8 31
'Edward Butler' 19 2 3 29 21 16 8 11 26 31 30 32 17 4 23 1 10 7 15 5 24 25 14 18 22 27 13 6 9 20 12 28
'John Hernandez' 25 3 7 28 15 23 9 32 10 30 16 6 8 22 2 4 18 21 13 17 27 31 29 20 14 19 1 11 12 24 26 5
'James Griffin' 30 25 6 10 15 5 9 13 2 3 24 16 12 7 20 32 22 1 8 19 14 18 23 21 11 28 29 4 26 17 27 31
'Adrienne Smith' 13 20 11 1 10 4 18 6 19 15 17 5 8 7 21 28 29 23 22 12 31 25 32 30 24 2 27 9 26 16 14 3
'Robert Jones' 9 10 2 4 15 17 31 25 14 6 28 16 13 27 5 24 32 1 26 8 23 19 30 29 18 11 3 7 22 20 21 12
'Rebecca Curtis' 9 16 19 6 8 10 25 14 3 28 11 18 4 27 24 22 5 23 20 32 13 2 15 21 1 17 30 31 29 26 7 12
'Timothy Hammond' 10 1 12 9 25 26 7 23 24 8 18 11 14 17 31 3 20 28 16 19 5 21 2 13 6 27 22 29 15 32 4 30
'Heather Chavez' 20 10 15 27 30 22 23 12 13 3 2 18 19 6 1 29 7 24 21 28 31 26 4 5 8 16 32 17 14 9 25 11
'Michael Chavez' 2 9 20 14 27 17 31 4 3 25 7 15 5 23 6 12 26 8 24 13 16 32 10 28 22 21 19 30 1 11 18 29
'Sarah Garcia' 13 30 7 8 26 20 24 18 3 6 29 11 5 19 25 12 32 1 28 31 21 2 15 14 27 10 9 16 17 23 22 4
'Jennifer Porter' 30 23 25 16 10 27 22 17 4 26 21 19 8 11 5 24 1 3 14 28 29 31 6 9 32 15 12 18 20 13 2 7
'Sarah Young' 21 31 30 27 6 10 7 12 1 9 4 24 8 3 14 16 23 22 18 20 25 19 11 26 28 2 5 17 29 32 15 13
'Hunter Odonnell' 10 20 22 27 28 25 5 21 7 29 14 23 31 8 11 26 30 15 9 4 17 13 3 2 32 6 1 18 12 19 16 24
'Jason Tanner' 4 30 23 25 24 3 13 6 31 17 14 9 7 5 19 15 27 12 22 18 1 32 21 11 28 2 29 10 20 8 16 26
'Alison Knight' 26 30 4 12 22 27 24 16 29 28 31 3 5 2 18 6 9 25 23 32 19 7 14 1 11 10 17 21 20 8 13 15
'Zoe Wilson' 17 13 14 20 1 30 10 5 25 11 19 15 32 9 18 8 3 12 27 29 24 26 22 21 4 6 23 16 31 7 28 2
'Jose Watts' 18 10 24 14 5 27 4 2 21 15 23 7 13 1 17 31 32 25 19 8 16 20 26 28 29 12 6 9 22 30 11 3
'Kevin Rios' 15 4 13 19 22 12 27 26 7 3 17 25 11 32 6 24 28 10 1 2 18 20 16 14 21 5 23 29 31 8 9 30
'Jonathan Wong' 22 6 1 24 31 29 26 12 5 17 7 23 4 16 21 25 15 2 19 14 11 27 32 8 9 10 28 13 18 3 30 20
'Sharon Berry' 26 20 16 29 2 13 18 6 17 25 8 12 5 3 7 11 30 14 19 32 10 31 23 15 28 27 1 22 9 21 4 24
'Kristi Martin' 9 12 18 27 25 16 29 7 8 31 3 1 26 13 21 24 6 15 19 17 4 5 30 28 32 14 23 10 20 2 11 22
'Teresa Jones' 3 12 19 21 10 32 26 14 1 25 24 8 5 22 13 7 11 30 4 15 17 18 2 23 6 29 20 27 9 28 31 16
'David Gross' 10 22 21 4 28 17 13 18 26 14 12 20 6 11 1 29 27 5 30 19 9 16 3 2 32 8 23 7 24 25 15 31
'Brittany Davis' 4 17 26 12 2 14 13 3 24 22 11 25 20 10 18 28 16 21 5 30 29 8 31 27 15 32 7 6 23 9 19 1
'David Hill' 32 26 27 1 2 5 12 15 18 16 28 4 9 3 7 8 24 6 31 19 13 14 20 23 29 22 11 17 30 10 21 25
'Steven Duarte' 4 19 15 29 17 3 8 24 5 6 26 11 28 20 10 27 31 2 1 23 13 22 30 18 14 9 21 25 32 12 7 16
'Rachel Parker' 7 5 12 20 31 4 10 8 1 28 11 18 25 2 26 24 16 6 15 3 32 19 22 14 30 17 23 27 29 9 13 21
'Kenneth Meyers' 5 7 11 12 26 27 6 2 21 19 24 32 25 30 13 10 17 29 28 23 4 3 15 31 8 22 1 9 20 16 18 14
'Jennifer Burch' 25 22 1 3 14 31 7 4 19 17 6 15 27 28 24 26 23 29 18 10 16 2 5 8 13 11 21 12 9 20 30 32
'Julie Park' 30 24 16 8 11 27 10 12 29 6 23 26 15 1 7 19 9 31 28 18 25 14 22 2 3 13 4 17 21 5 32 20
'Cassandra Lee' 4 30 28 15 20 3 23 1 6 7 26 18 5 22 24 16 32 17 2 27 8 21 12 14 13 10 25 31 11 19 9 29
'Lynn Adams' 16 15 28 14 13 24 18 25 7 4 19 30 9 10 2 27 20 17 32 31 8 22 5 11 12 23 6 3 1 26 21 29
'Jennifer Miller' 21 13 29 14 28 27 1 5 10 19 12 25 30 4 11 32 7 24 26 22 17 20 8 31 15 16 9 18 23 6 3 2
'Nancy Mann' 2 27 18 20 14 19 9 23 4 10 25 13 26 21 12 24 3 8 28 22 1 5 11 17 7 30 6 32 15 16 29 31
'Tara Whitaker' 8 3 22 18 13 28 7 6 15 24 32 2 25 1 29 30 16 10 4 21 17 26 14 19 31 27 23 11 20 9 12 5
'Nathan Gibson' 1 5 31 15 24 29 7 18 2 6 27 19 23 25 22 14 28 16 3 13 10 12 30 11 8 9 17 21 32 20 4 26
'Monique Rodriguez' 26 25 2 13 31 12 3 7 17 32 30 27 18 15 4 19 20 29 16 9 6 14 21 10 5 1 28 8 24 23 22 11
'Anthony Khan' 32 2 28 4 23 29 26 7 11 21 12 14 6 17 16 25 10 9 31 8 30 22 1 27 13 20 15 18 3 19 24 5
'Gregory Wise' 26 4 17 14 7 22 3 18 13 16 5 24 30 23 6 32 9 10 28 25 20 31 29 15 19 27 2 1 11 12 8 21
'Catherine Holland' 5 2 30 26 10 32 23 9 18 15 24 4 21 25 12 20 28 13 11 31 19 22 7 14 3 17 1 27 16 29 6 8
'Steve Jacobs' 31 10 9 7 22 3 8 30 16 6 29 4 21 5 28 18 32 2 13 11 25 1 14 24 17 20 23 19 15 12 27 26
'Cindy Duran' 3 12 29 21 23 11 4 28 25 5 27 22 19 8 14 13 18 31 15 10 20 24 2 32 1 6 16 26 9 17 7 30
'Carl Fitzpatrick' 4 30 2 25 12 29 22 3 21 28 14 17 20 19 13 16 10 24 15 26 27 23 7 5 11 6 18 9 1 8 31 32
'Jacob Short' 15 3 30 1 32 7 25 28 29 20 31 8 11 5 17 13 26 27 18 19 14 9 22 12 16 2 23 10 4 6 21 24
'Ashley Clark' 11 22 4 1 10 31 24 27 25 32 17 13 15 20 5 9 21 18 2 30 14 7 8 26 3 12 19 23 6 29 16 28
'Karen Parker' 25 32 21 29 7 8 11 22 24 15 27 19 17 2 13 3 4 12 28 5 16 10 20 30 31 6 26 18 9 23 14 1
'Shannon Wright' 19 15 20 4 21 13 9 26 8 7 30 5 24 1 28 10 22 6 2 18 29 25 32 3 23 12 27 31 16 14 17 11
'Joshua Massey MD' 17 31 4 18 29 26 13 28 2 20 9 21 12 1 5 22 8 15 3 23 10 7 16 24 14 11 6 25 19 32 30 27
'Michele Jones' 23 16 4 24 31 30 13 11 10 15 14 29 32 1 3 18 19 6 8 20 5 26 17 12 28 27 22 2 7 21 25 9
'Jacob Johnson' 28 18 27 32 1 24 26 19 29 15 3 31 13 2 5 10 16 9 6 4 8 20 12 23 17 30 11 14 22 21 25 7
'Heather Bradley' 9 25 28 26 8 18 6 7 31 24 29 3 12 2 22 1 16 15 20 32 30 5 17 21 4 19 14 13 27 10 23 11
'Michael Jones' 5 13 9 30 22 16 8 6 17 19 26 4 10 24 20 29 31 32 1 18 28 14 2 12 15 25 23 3 11 7 27 21
'Alex Perkins' 26 15 17 19 13 25 11 32 18 2 14 28 27 21 3 24 12 9 1 4 10 7 22 31 23 8 20 16 5 30 6 29
'Kristin Reed' 6 9 26 31 32 12 22 25 23 15 1 5 28 2 27 17 10 20 8 14 3 7 21 24 13 29 11 4 19 16 30 18
'Paige Adams' 6 27 3 25 8 20 17 28 29 26 16 14 31 32 10 12 2 4 30 18 22 5 13 11 24 21 19 7 23 15 9 1
'Vincent Torres' 6 23 14 22 12 28 2 4 9 19 21 7 32 17 1 25 3 24 26 11 16 31 18 29 20 8 30 13 5 27 10 15
'Makayla Smith' 15 10 27 24 29 7 19 8 25 6 21 2 30 18 3 9 17 28 13 22 4 5 23 31 14 26 11 20 1 12 16 32
'Angela Griffin' 23 20 9 13 1 6 25 17 19 4 21 22 2 27 8 16 18 7 10 26 12 24 29 32 28 14 15 30 5 11 3 31
'Alan Mendoza' 31 15 4 26 1 11 9 18 17 12 22 28 16 21 23 19 24 20 7 2 14 8 30 3 32 27 13 29 10 25 6 5
'Sarah Barr' 30 23 18 7 14 5 28 25 26 27 4 15 8 16 19 29 24 6 10 9 1 31 32 13 17 21 20 12 3 11 2 22
'Micheal Vega' 15 7 4 14 31 27 5 17 16 21 19 2 6 29 18 1 3 22 20 13 12 28 8 11 26 10 24 32 30 25 23 9
'Patricia Phillips' 22 11 19 5 1 17 21 30 27 25 14 6 7 8 23 15 16 24 29 28 13 9 12 31 4 26 20 18 3 10 2 32
'Deborah Hines' 24 17 27 26 29 15 25 30 14 6 19 23 11 9 12 32 18 3 8 13 22 31 21 16 10 5 4 2 7 1 20 28
'Laurie Doyle' 20 30 6 7 2 11 1 12 15 18 16 3 25 23 5 28 26 14 27 4 9 21 17 19 22 32 13 8 31 29 10 24
'Michael Marks' 26 2 27 8 10 31 23 20 25 12 16 19 18 30 21 13 11 3 32 29 1 6 24 7 22 9 4 14 28 17 15 5
'Peter Gray' 12 17 2 20 27 26 4 23 31 15 7 21 8 11 10 1 18 32 29 16 30 24 13 9 19 5 28 3 25 6 22 14
'James Martinez' 8 4 16 28 3 2 21 19 29 22 9 27 1 20 18 25 23 13 5 14 6 11 30 32 31 15 24 7 26 10 17 12
'Amber Rangel' 6 10 18 26 27 15 9 7 32 28 22 11 16 8 17 24 23 31 13 12 21 19 30 2 29 20 14 25 3 4 5 1
'Savannah Romero' 18 30 6 31 11 4 24 22 29 5 23 2 32 16 14 3 17 27 13 19 28 21 8 10 12 9 1 15 7 25 20 26
'Richard Williams' 6 18 17 26 4 21 11 7 31 27 15 32 10 2 23 3 12 22 9 28 16 5 1 30 8 29 19 13 14 25 24 20
'Susan Frederick' 32 21 24 14 5 28 23 8 30 12 18 31 15 27 26 19 6 17 4 11 2 10 20 7 3 25 16 1 29 9 13 22
'Tara Harmon' 27 4 29 7 16 32 3 15 22 9 13 19 28 5 20 6 12 14 18 25 26 17 31 30 8 11 21 24 23 2 1 10
'Alfred Bell' 11 9 17 6 4 24 21 19 8 1 13 2 25 7 20 29 26 12 31 30 15 27 18 23 32 16 10 14 3 22 28 5
'Robin Mcbride' 12 17 21 10 2 11 32 3 7 27 23 30 16 29 14 18 25 5 24 28 4 31 15 22 19 1 6 8 26 13 9 20
'Shane Green' 1 22 21 10 27 32 25 17 9 18 19 28 23 24 20 30 16 12 7 4 11 15 6 5 26 8 29 13 31 3 14 2
'Thomas Bond' 19 18 16 5 10 25 6 17 8 11 32 9 3 30 2 24 7 4 22 20 13 23 29 26 31 15 27 21 28 12 14 1
'Julie Taylor' 31 26 1 4 22 32 5 23 10 25 8 12 17 7 2 27 30 29 28 21 6 18 15 13 14 3 20 19 16 9 24 11
'Brandon Miller' 20 14 13 26 5 3 6 4 16 8 2 15 23 1 19 7 10 22 24 21 31 12 29 25 11 30 9 28 17 27 32 18
'James Ayala' 23 4 1 11 8 17 26 20 10 27 2 18 21 9 24 3 29 28 25 5 6 30 32 12 19 14 15 7 16 31 13 22
'Dr. Justin Bennett' 1 2 9 27 18 5 28 10 23 6 30 13 21 15 25 22 3 32 14 12 19 17 24 26 7 16 8 29 4 20 11 31
'Rebecca Keith' 31 3 6 2 29 11 25 4 32 30 28 13 24 1 18 17 21 20 7 14 16 27 9 5 10 22 19 26 8 15 12 23
'John Rodriguez' 28 8 23 3 19 21 12 6 31 24 18 1 26 32 22 13 11 27 25 5 10 4 7 20 9 29 2 16 14 15 30 17
'Melanie Pratt' 27 8 20 28 13 12 19 30 6 5 18 31 17 21 15 26 32 25 29 4 11 14 1 23 7 10 24 2 16 3 22 9
'Rebecca Holmes' 3 30 24 4 7 6 23 13 15 32 2 12 29 9 18 22 21 25 19 8 20 10 14 17 26 1 11 27 16 5 31 28
'Rebecca Banks' 31 5 15 4 11 30 19 1 12 25 7 14 18 9 17 2 8 23 28 22 27 3 21 13 29 16 26 32 24 20 10 6
'Yolanda Chen' 9 15 30 10 18 12 26 6 14 5 1 31 2 28 20 23 17 19 4 21 32 25 7 11 24 8 29 3 13 16 27 22
'Yolanda Robertson' 27 20 3 19 16 15 17 22 30 32 26 8 1 12 21 11 2 18 14 24 13 6 4 9 23 31 29 28 25 10 7 5
'Jamie Allen' 1 6 17 3 9 16 28 26 31 7 10 14 8 23 4 15 22 30 11 29 25 2 20 21 5 12 27 24 18 19 13 32
'Daniel Jensen' 10 30 14 13 26 5 24 28 20 25 1 29 2 18 6 27 16 11 15 4 9 32 21 12 8 23 19 31 7 17 3 22
'Rhonda Lambert' 9 19 17 15 14 24 20 2 23 11 18 31 27 30 10 16 8 26 6 5 13 29 25 1 7 22 3 4 28 32 12 21
'Christine Williams' 32 3 15 4 8 12 2 10 21 30 27 25 28 18 29 16 9 20 6 22 23 5 13 14 7 1 19 26 17 11 31 24
'Sarah Mccarthy' 16 25 30 24 11 5 32 17 1 29 12 13 6 20 27 19 22 18 28 2 7 14 3 26 10 8 21 15 23 4 9 31
'Mrs. Brittney Moore' 27 28 1 24 30 22 12 19 21 11 25 10 31 20 6 13 18 29 17 2 14 23 8 16 4 15 26 7 5 32 3 9
'Ashley Kim' 10 27 3 17 13 25 4 30 8 16 21 6 19 15 5 7 26 20 28 14 29 24 32 31 1 23 2 9 12 22 18 11
'Beth Davis' 31 6 28 1 24 23 2 17 18 16 26 12 10 7 20 19 32 3 14 9 4 8 13 5 30 11 25 27 29 15 21 22
'Anthony Smith' 26 6 9 12 24 13 17 8 3 27 20 2 5 21 10 18 30 16 19 15 4 14 11 32 22 28 25 7 1 23 31 29
'Dana Robinson' 1 6 23 13 4 29 28 18 17 16 12 21 15 2 20 24 3 9 8 5 25 26 11 7 22 27 30 14 19 32 31 10
'Johnny Mcbride' 13 6 19 29 11 22 3 25 10 15 9 23 28 27 1 12 17 18 24 14 32 5 20 31 7 30 26 4 2 8 21 16
'Katherine Carroll' 5 15 31 17 8 2 32 19 13 21 30 29 28 16 12 7 27 10 26 24 23 18 20 4 14 25 3 1 6 9 22 11
'Mary Vaughn' 16 23 6 12 9 26 20 19 10 13 21 7 14 28 27 4 31 32 17 15 11 25 22 30 1 29 3 18 2 24 8 5
'Lauren Marshall' 9 18 11 23 20 31 26 30 15 5 25 12 28 1 10 16 14 24 17 32 2 6 7 3 27 21 8 13 19 29 22 4
'William Estrada MD' 17 32 16 10 7 14 24 19 31 2 18 26 28 27 3 13 4 29 5 25 6 30 1 21 11 20 23 9 15 12 22 8
'Phillip Carroll' 17 23 27 21 7 14 18 12 29 2 20 15 24 10 32 8 28 31 25 1 26 3 19 22 5 6 4 16 30 9 13 11
'William Freeman' 18 20 4 26 22 23 19 24 27 7 29 10 11 12 2 15 1 8 31 9 14 6 3 17 5 16 28 30 13 21 32 25
'Joan Pennington' 11 8 32 9 29 23 21 3 31 14 12 1 19 15 10 24 18 5 25 7 17 30 13 28 22 26 20 4 2 16 27 6
'Erin Brown' 32 18 31 6 16 20 9 17 11 13 3 12 21 26 22 29 5 2 10 4 15 19 24 23 30 25 27 28 14 1 7 8
'Thomas Ramos' 24 12 30 25 1 4 8 15 28 16 13 23 9 18 22 7 14 32 31 5 10 17 2 19 27 11 3 6 29 21 20 26
'Mark Logan' 19 3 15 21 10 13 14 6 5 22 29 28 7 17 8 20 12 11 25 24 31 18 4 16 27 26 2 1 30 23 9 32
'Christine Stephens' 24 14 29 9 3 12 25 30 22 18 26 5 19 21 16 8 11 10 13 23 4 32 31 6 27 28 2 7 1 15 20 17
'Ruben Espinoza' 31 1 32 8 12 21 14 22 18 25 6 9 3 11 17 26 24 7 15 23 13 27 30 19 29 28 2 10 5 20 16 4
'Dr. John Dean II' 11 28 9 23 26 25 12 29 17 27 32 16 4 24 7 13 10 5 19 18 8 30 3 2 1 20 14 15 22 31 21 6
'Abigail Yang' 12 5 24 1 28 20 9 15 25 27 2 8 16 3 21 17 6 14 13 31 22 29 32 19 7 4 11 10 30 23 26 18
'Jean Cox' 13 22 5 7 12 32 25 16 29 15 19 14 31 4 23 1 9 17 8 3 28 11 6 24 26 20 30 18 21 10 27 2
'Christina Norman' 11 9 10 17 3 23 1 16 25 2 12 7 29 32 14 26 27 28 8 13 22 5 19 6 20 21 4 18 30 24 15 31
'Michael Lee' 32 15 27 28 25 9 11 1 30 8 7 14 24 17 18 10 31 12 21 2 6 4 3 22 5 16 29 19 13 23 26 20