'Jessica Morales DVM' 59 62 27 43 32 11 55 48 28 42 57 20 56 5 41 15 40 29 10 9 17 4 21 53 12 1 36 35 31 18 2 23 37 33 61 30 6 24 63 50 52 44 8 34 58 19 54 60 25 49 14 7 22 26 3 38 13 39 16 45 47 46 51
'David Phillips Jr.' 36 3 25 26 16 28 9 22 11 41 47 50 15 29 54 48 33 21 7 49 59 58 31 39 62 63 27 51 35 17 13 10 4 46 34 1 61 19 52 45 2 44 43 38 5 55 60 24 40 8 14 37 6 32 12 56 23 42 18 53 57 30 20
'Ana Roberts' 38 51 31 3 41 46 18 60 52 1 27 13 43 25 35 26 6 9 47 44 63 49 56 54 61 11 15 39 40 12 48 17 7 4 57 62 5 55 22 29 32 21 33 36 53 28 8 19 50 59 45 24 42 20 58 37 10 30 2 14 16 34 23
'Matthew Brewer' 53 44 10 14 8 25 41 27 56 58 18 21 11 6 5 31 46 24 32 50 34 3 63 1 16 59 7 45 30 19 60 54 48 37 13 51 52 55 39 42 36 61 33 20 9 28 49 12 23 62 47 26 17 57 35 40 2 4 15 29 22 38 43
'Sierra Jones' 11 33 15 29 24 40 10 48 38 21 62 2 6 5 8 17 55 61 49 43 3 26 30 23 20 57 52 12 22 13 58 59 50 4 56 19 14 27 9 16 46 28 47 36 39 53 37 63 41 44 51 42 60 7 25 1 31 54 32 18 45 35 34
'Nancy Aguilar' 43 13 21 24 45 50 52 33 23 28 47 12 16 20 37 57 54 30 31 19 8 9 59 58 44 10 17 48 38 32 1 27 41 4 3 46 40 18 53 35 14 62 26 39 25 42 5 2 11 63 51 60 56 7 49 15 36 34 61 22 29 55 6
'Gary Smith' 32 27 39 1 48 30 51 60 14 26 3 56 47 29 33 18 37 24 41 40 62 52 13 5 6 53 38 19 8 46 59 15 25 35 4 42 49 17 63 28 12 55 58 50 23 2 9 10 44 21 22 34 31 54 11 57 36 45 7 16 43 20 61
'Emily Benton' 16 23 40 58 63 57 8 50 18 7 5 9 26 46 15 17 27 1 6 62 31 43 24 38 60 55 4 2 34 35 11 37 32 21 42 52 49 45 13 33 30 12 19 48 36 25 53 3 54 28 51 41 61 59 39 20 47 14 56 10 29 44 22
'Shelia Morris' 11 48 63 45 26 27 16 61 6 30 19 46 34 1 58 31 18 13 7 23 37 29 33 59 53 5 49 44 40 56 41 60 10 9 32 51 12 54 4 50 20 47 21 22 2 8 14 43 55 57 62 35 25 3 36 17 52 38 42 24 39 15 28
'Patrick Meza' 22 56 29 33 16 36 45 5 23 1 30 13 2 57 63 44 46 25 31 48 15 60 38 24 42 51 9 17 37 52 8 34 39 55 59 50 54 61 26 62 6 21 49 7 18 14 32 43 12 20 47 53 41 27 4 28 40 10 58 11 19 3 35
'Andrew Allen' 56 49 11 58 51 4 24 23 13 60 20 1 8 62 18 15 63 40 14 35 29 55 37 6 46 41 22 39 31 47 36 9 43 26 38 21 25 52 54 28 10 61 27 53 50 57 3 42 59 30 5 44 16 48 45 34 33 2 17 12 7 32 19
'Nicole Lopez' 42 35 16 14 9 32 11 47 48 45 62 23 40 37 54 36 7 22 58 31 49 13 39 2 33 15 21 12 19 29 28 53 52 18 25 59 38 17 6 1 50 61 26 43 46 41 63 34 44 20 51 5 55 60 27 57 3 30 8 24 56 10 4
'Paul Greer' 58 30 12 5 60 3 63 2 4 27 29 45 17 23 48 52 8 18 44 35 33 62 20 28 47 9 43 57 53 14 26 39 59 36 32 40 55 41 56 10 38 7 50 21 15 51 54 37 19 6 31 16 1 49 22 25 13 46 61 11 42 34 24
'James Knapp' 27 5 22 31 60 14 54 53 35 6 58 4 1 15 17 39 11 9 21 56 51 30 40 36 18 24 49 63 7 10 19 20 33 32 12 57 13 2 62 55 44 8 59 61 25 48 46 23 26 42 37 38 45 3 41 29 28 50 16 47 34 43 52
'Heather Davenport' 6 60 47 16 45 46 4 23 26 7 43 13 22 20 27 24 48 58 14 39 53 34 32 44 50 30 38 21 25 33 59 8 5 52 54 3 29 31 10 42 18 2 15 61 36 40 12 55 17 1 28 37 9 51 35 57 41 19 62 63 56 11 49
'Robin Roberts' 31 60 37 10 20 59 58 34 22 23 14 33 50 47 36 43 35 21 29 62 27 52 40 48 16 55 26 18 54 11 28 30 3 15 24 19 49 46 6 61 42 56 5 12 4 1 17 53 7 45 41 51 8 38 63 32 13 9 2 44 57 25 39
'Jessica Parker' 33 58 23 57 50 2 1 36 41 38 55 42 30 12 10 20 15 8 34 40 51 47 52 25 43 26 48 18 14 28 61 9 62 24 27 32 31 17 54 46 59 56 35 21 22 4 11 39 3 60 19 5 7 45 37 63 49 16 53 13 29 6 44
'Donna Anderson' 59 50 45 60 40 24 13 22 37 16 43 44 12 23 48 21 19 47 38 17 1 41 27 28 39 30 51 49 63 18 20 55 3 29 46 7 26 33 52 35 57 54 32 14 11 34 62 15 4 31 8 61 42 10 5 6 2 56 36 58 53 25 9
'Marissa Johnson' 10 21 55 32 60 46 53 36 49 47 33 13 2 44 61 5 50 62 25 9 58 11 22 12 51 39 35 38 27 20 3 54 28 23 63 6 14 16 43 1 18 37 15 34 40 59 57 45 17 31 24 19 8 56 48 26 4 30 41 42 7 29 52
'James Gardner' 22 28 61 10 31 50 29 36 19 43 3 26 42 4 44 59 46 15 38 37 2 34 18 40 17 11 27 9 33 39 62 14 56 48 24 25 47 8 30 57 32 6 55 54 63 13 53 41 23 51 16 5 35 49 60 20 52 45 58 12 7 21 1
'Audrey Wolfe' 42 3 16 35 45 28 51 29 7 21 31 53 17 44 39 15 13 32 37 19 55 14 59 58 18 46 54 49 26 57 48 61 9 4 2 8 52 47 11 6 40 30 5 41 60 10 20 63 62 43 34 36 12 56 33 22 23 24 27 50 38 1 25
'Thomas Watson' 33 25 48 24 44 13 8 50 43 9 6 16 19 32 11 4 26 14 30 41 55 40 20 52 1 62 31 23 59 38 12 27 57 35 18 3 7 17 42 51 45 22 15 58 28 63 53 10 29 60 47 5 39 54 37 21 49 46 34 56 36 61 2
'William King' 53 20 15 8 9 54 58 18 35 37 29 26 55 57 22 45 28 23 44 43 39 60 16 40 25 27 5 38 41 32 13 1 3 63 36 2 48 7 12 33 47 50 4 51 19 17 46 59 21 30 14 62 49 31 10 61 11 52 42 56 6 34 24
'Michelle Stevens' 10 33 8 63 38 39 25 60 30 45 26 43 51 56 40 31 1 52 34 37 58 23 53 32 3 55 6 61 62 21 54 35 46 28 44 7 50 4 49 57 5 19 15 2 14 16 47 11 9 27 12 20 36 29 13 42 41 48 17 22 24 59 18
'Veronica Campbell' 28 54 46 52 11 29 33 63 36 38 50 10 5 35 19 55 44 34 43 61 12 31 49 32 1 37 45 2 60 39 3 20 13 48 59 7 8 18 41 15 24 62 58 14 27 40 4 26 53 56 57 25 30 6 9 21 17 42 51 22 47 23 16
'Daniel Miranda' 36 11 34 53 24 19 5 32 52 54 30 42 50 8 43 61 47 6 46 40 38 12 62 29 20 7 28 15 45 55 2 22 23 56 49 16 17 63 31 27 37 44 3 51 48 10 21 25 1 58 60 57 41 13 14 35 39 59 26 33 4 18 9
'Elizabeth Morse' 12 32 50 16 52 28 58 33 45 2 30 60 10 7 63 5 6 23 36 55 1 24 40 25 35 9 56 47 27 62 48 57 17 54 22 46 34 53 4 39 51 59 31 15 49 14 26 37 41 19 43 13 44 38 61 18 3 21 20 8 29 11 42
'Kimberly Ballard' 44 13 62 34 60 23 61 27 58 26 33 7 48 54 11 43 20 10 63 53 12 29 8 19 24 25 46 21 31 17 59 41 47 15 38 45 42 28 50 36 55 35 56 51 1 49 6 32 37 4 18 39 14 16 30 5 52 3 9 57 22 2 40
'Amy Morris' 53 5 62 63 54 61 44 10 35 12 24 36 23 45 9 46 7 56 21 16 6 38 15 1 33 58 26 55 59 17 2 29 18 28 4 22 40 50 52 11 60 25 27 48 41 13 51 31 39 14 49 57 47 19 32 3 30 34 42 43 20 37 8
'Shawn Gill' 34 19 46 40 59 44 4 24 26 51 63 14 48 53 41 12 13 54 27 25 50 52 30 43 37 55 32 11 56 18 16 9 22 3 2 31 35 6 58 47 20 28 15 17 60 1 33 39 21 62 7 36 8 10 23 38 42 5 61 45 57 49 29
'Devin Moon' 55 51 7 23 29 11 41 1 2 18 3 14 45 43 22 54 27 36 52 28 34 46 58 50 48 26 47 53 24 38 62 31 44 33 6 4 5 56 35 49 15 40 19 60 42 21 37 25 9 8 13 61 16 12 17 20 32 10 63 39 30 57 59
'Victor Jones' 13 3 58 40 6 27 45 39 44 61 21 23 43 62 53 35 32 18 48 31 16 20 28 9 24 26 8 37 52 34 17 14 5 51 49 59 7 57 10 60 47 2 25 15 42 19 63 36 30 22 11 1 4 12 29 56 46 50 33 55 54 38 41
'Aaron Salazar' 35 2 47 5 31 9 30 58 4 42 44 15 63 54 49 46 33 8 55 22 53 1 20 29 17 14 34 57 21 25 37 27 48 61 52 41 24 45 59 28 13 40 51 11 62 6 60 36 12 50 38 23 32 10 18 3 7 16 26 43 19 56 39
'Susan Bowman' 7 45 5 9 28 4 48 3 23 40 47 13 26 62 17 29 60 19 59 54 14 49 20 2 10 51 8 27 37 6 56 36 21 58 52 24 63 61 42 1 16 34 11 50 25 30 38 46 31 41 18 33 43 39 53 12 32 44 22 35 55 15 57
'Adam Watkins' 26 23 5 45 27 46 17 33 51 15 50 28 57 16 54 8 52 44 30 4 55 22 19 43 3 31 38 21 40 7 1 56 41 32 34 42 63 12 35 61 37 14 29 48 62 10 24 53 59 13 36 18 39 20 49 25 11 9 6 2 58 47 60
'Jordan Reed' 46 36 1 11 56 55 35 2 10 9 17 60 58 40 12 34 59 6 5 24 57 51 18 13 4 43 37 30 14 31 62 28 63 16 42 45 19 41 3 61 49 22 29 8 27 15 47 48 26 7 44 39 21 52 32 53 38 25 33 20 50 54 23
'David Jones' 2 46 62 34 21 40 4 53 45 54 56 39 32 41 15 38 59 31 14 48 20 61 26 27 16 9 5 47 37 28 57 13 7 44 43 1 3 22 29 42 50 12 52 58 11 25 6 19 10 18 8 24 36 30 33 35 63 17 49 23 51 60 55
'Jessica Duran' 53 41 34 2 21 40 46 15 28 33 8 1 61 31 62 10 20 11 50 22 19 5 7 27 54 55 26 36 47 18 35 57 45 6 58 38 51 14 56 30 24 29 23 48 9 63 37 42 52 25 16 4 32 60 3 13 44 43 59 17 49 12 39
'John James' 55 11 15 22 9 33 26 49 44 51 16 61 56 39 13 7 43 28 62 17 36 4 57 27 6 45 23 21 20 59 12 2 3 41 5 46 18 34 8 37 31 42 53 19 52 14 29 63 1 32 10 25 54 58 38 47 35 48 60 50 30 40 24
'Jessica Howard' 32 4 44 45 61 30 42 23 19 46 43 36 48 57 7 6 54 26 14 17 55 16 38 35 9 11 33 49 53 22 58 56 10 20 59 50 8 18 29 40 37 3 39 12 13 27 15 51 1 62 52 41 60 63 21 28 25 24 47 5 2 34 31
'Tracie Holt' 4 16 62 21 58 43 17 14 40 54 32 11 24 55 18 8 28 6 39 53 44 37 41 52 9 7 56 23 46 42 15 13 36 47 5 34 33 31 59 51 29 63 25 2 22 45 50 61 12 57 26 27 10 1 60 30 35 3 38 19 20 48 49
'Jeff Turner MD' 5 46 26 25 31 14 30 39 42 62 22 55 3 32 15 7 49 23 35 21 24 8 4 43 28 17 52 54 58 20 45 38 27 11 33 41 16 36 44 59 53 60 18 19 47 12 40 63 6 10 13 1 2 61 57 29 48 34 50 56 37 9 51
'Benjamin Quinn' 24 60 25 35 51 50 28 3 27 36 47 17 40 1 4 55 63 6 12 58 5 54 38 43 13 29 34 7 14 19 56 59 18 44 33 2 39 42 31 15 41 21 23 49 48 52 45 10 26 53 22 37 9 20 8 32 61 57 62 46 11 30 16
'Gregory Taylor' 14 51 38 53 42 12 56 41 54 15 9 32 46 6 37 47 55 30 23 25 18 4 13 58 24 62 33 1 39 10 59 36 61 3 17 31 2 21 34 11 50 8 20 5 22 45 63 57 52 16 27 43 48 35 49 26 19 7 29 44 60 40 28
'Angela Collins' 3 35 32 18 51 58 52 30 8 53 1 27 9 36 38 47 59 19 49 48 42 63 2 61 62 12 60 5 34 29 26 46 45 10 33 16 41 39 25 21 20 24 22 55 40 43 7 50 11 13 28 31 37 4 23 15 54 57 17 56 14 44 6
'Lisa Henderson' 57 61 1 48 14 7 52 59 63 17 18 38 23 42 20 34 50 8 45 43 33 27 22 13 40 47 9 10 24 36 55 58 46 32 21 31 3 35 39 60 56 16 11 5 44 29 37 62 4 53 25 26 19 54 51 12 28 41 30 2 49 6 15
'William Hodge' 30 5 1 48 19 36 4 49 9 16 40 6 22 3 46 51 59 20 42 50 41 33 35 56 14 43 54 31 57 24 47 58 39 28 13 62 63 34 23 52 2 12 25 26 11 53 61 37 44 29 17 38 60 21 32 7 10 18 55 27 45 8 15
'Gail Johnson' 20 56 26 36 7 4 14 24 35 39 41 16 23 50 45 43 55 10 60 25 52 8 57 46 21 18 53 19 40 30 13 33 6 28 2 37 31 61 44 58 15 29 62 34 5 42 48 63 12 27 47 38 1 11 32 54 49 51 22 3 17 59 9
'Isaac Wilcox' 3 1 16 60 45 47 20 50 6 31 9 12 27 53 51 14 40 36 26 13 5 25 35 10 56 11 19 44 37 17 33 32 8 48 7 15 46 54 61 22 39 59 41 43 24 28 49 21 23 42 63 62 55 30 34 52 2 4 18 58 57 38 29
'Daniel Romero' 3 5 26 9 50 19 48 6 51 39 30 40 37 24 41 16 53 22 49 58 32 60 25 18 42 52 46 13 54 21 28 34 55 47 4 1 10 61 31 62 44 8 57 12 63 38 33 36 11 59 45 35 27 23 7 15 20 56 14 2 17 29 43
'Barbara Miller' 62 2 61 52 5 22 53 43 33 1 7 44 39 31 46 17 23 50 36 28 8 29 27 42 3 14 20 56 51 11 16 63 45 35 4 60 47 40 37 55 12 6 59 34 24 25 41 13 32 30 21 9 26 15 57 48 58 38 49 54 18 10 19
'Damon Wilson' 32 57 26 51 55 11 47 23 43 4 41 48 60 25 33 56 27 5 10 13 45 58 37 1 61 40 9 49 14 44 2 12 21 62 52 3 39 15 31 35 28 34 8 17 54 38 63 20 50 24 6 29 46 30 36 42 18 7 22 16 53 59 19
'Matthew Small' 3 34 41 61 54 46 49 35 31 22 9 2 53 19 16 52 32 8 51 48 38 13 47 50 12 10 24 60 25 6 11 43 20 40 18 26 28 62 63 27 29 37 17 5 42 58 33 30 1 56 57 21 23 44 55 15 39 45 36 7 59 4 14
'Joseph Mcconnell' 39 50 58 27 5 46 15 53 41 63 60 7 45 11 10 37 20 22 19 26 52 33 14 13 54 49 36 56 32 38 8 21 43 57 31 17 29 47 34 6 2 61 40 28 51 44 4 23 55 16 3 1 25 18 12 48 35 62 59 42 30 9 24
'Nathan Cannon' 34 53 23 2 49 43 5 20 61 4 59 37 28 44 54 3 36 45 63 6 18 58 8 41 50 42 16 60 7 51 35 9 15 24 40 48 27 11 62 31 17 12 1 33 47 29 13 30 22 26 38 10 21 46 52 19 56 55 57 39 25 14 32
'Patricia Hill' 41 34 60 30 32 11 23 40 29 47 58 20 49 43 12 25 1 14 52 42 37 3 22 5 9 54 16 39 62 59 21 28 24 7 50 36 31 35 55 6 48 15 56 53 38 2 33 27 17 13 4 57 51 19 45 10 8 61 26 46 18 63 44
'Terri Kim' 22 21 38 47 27 46 48 32 58 4 5 42 8 14 29 20 49 1 53 6 33 7 59 28 56 35 57 54 55 17 12 39 10 26 51 2 16 19 31 63 62 61 43 23 41 44 30 18 15 40 11 52 60 13 37 9 34 3 36 25 50 24 45
'Steven Maddox' 61 48 56 22 12 26 39 23 29 25 36 20 11 31 6 59 60 53 38 55 54 17 19 32 14 35 5 34 57 3 1 52 18 7 46 21 37 15 10 49 33 41 50 27 62 51 47 30 4 42 2 24 58 44 45 40 16 63 9 43 13 8 28
'Gina Kennedy' 47 20 9 49 5 32 3 33 29 60 28 10 17 30 38 63 35 43 8 58 34 15 12 45 25 11 62 55 51 40 7 53 56 21 36 16 1 42 54 27 6 41 39 37 50 44 22 46 48 59 4 13 52 26 57 14 61 18 31 24 2 23 19
'Rodney Morris' 13 45 46 14 51 54 20 24 37 53 22 11 57 18 9 1 59 28 21 49 3 44 50 63 4 19 34 31 39 16 60 56 12 33 35 2 17 26 32 8 30 29 10 27 6 61 23 15 47 38 7 58 41 43 62 55 52 42 48 40 25 36 5
'Stephanie Jackson' 22 6 17 58 62 3 52 43 21 63 16 25 32 36 33 45 5 29 54 26 15 56 12 11 61 59 53 47 13 60 41 19 7 10 50 39 51 18 44 8 35 27 14 20 57 46 23 30 34 28 37 48 38 31 4 9 55 42 2 40 1 49 24
'Megan Nichols' 58 53 56 60 63 1 43 3 40 49 46 30 31 55 11 59 27 15 25 22 6 32 51 52 14 29 50 39 54 36 8 38 13 17 47 20 12 28 19 41 62 42 35 9 10 2 23 34 37 44 16 4 7 45 24 48 33 18 57 5 61 26 21
'Brenda Allen' 27 49 62 29 11 31 33 16 39 6 23 15 1 3 42 59 43 36 4 26 45 24 52 20 17 56 63 37 18 34 8 58 25 10 47 21 2 60 7 12 55 50 61 32 9 14 44 19 30 57 35 41 38 28 40 5 13 54 46 22 48 51 53
'Norman Richmond' 36 63 40 4 47 23 50 42 62 10 30 17 43 56 16 37 44 61 11 32 60 38 21 51 15 57 2 54 5 33 31 49 46 27 26 12 52 20 19 6 18 13 22 7 1 9 34 45 59 55 53 48 29 28 24 39 8 35 3 25 14 58 41
'Jessica Smith' 6 22 30 41 7 24 14 10 29 62 44 55 20 21 59 12 32 37 5 47 18 57 31 49 2 15 33 16 26 13 56 38 60 35 8 43 1 54 19 39 11 9 53 52 27 42 63 28 23 45 48 4 36 50 51 17 25 3 40 61 34 58 46
'Felicia Adkins DDS' 45 24 59 46 18 28 56 48 37 39 9 54 32 27 33 43 11 16 17 41 38 10 26 31 23 57 53 22 15 52 36 12 3 63 13 14 30 2 61 4 44 51 40 21 8 6 7 47 60 62 25 58 29 34 1 55 35 50 5 49 42 19 20
'Amanda Mack' 25 34 2 1 52 59 20 43 31 61 12 11 14 26 8 60 32 22 44 28 3 37 13 40 24 23 63 58 18 35 30 21 29 27 19 62 9 7 57 41 42 53 5 33 17 47 49 55 36 48 45 4 38 54 46 51 39 15 6 10 56 16 50
'Robert Johnson' 46 63 37 39 24 20 61 41 26 21 14 25 4 43 23 56 12 51 47 16 58 53 57 7 52 62 29 36 3 40 13 28 10 34 30 55 15 49 17 45 31 42 11 22 8 44 35 1 27 2 60 19 9 54 32 38 6 59 50 18 33 5 48
'Christine Osborne' 59 57 44 32 11 37 4 2 7 62 47 19 33 45 63 61 13 20 23 16 28 27 42 1 15 9 6 55 17 49 54 51 22 52 36 31 30 8 5 21 14 56 24 12 58 53 26 29 48 40 34 25 10 50 60 18 35 41 3 46 43 38 39
'Roger Barr' 21 17 44 6 3 35 28 38 36 33 18 59 15 2 45 22 13 32 48 61 12 8 60 62 51 39 41 4 47 29 31 34 20 1 53 52 43 9 23 56 40 58 55 10 63 57 49 19 50 16 37 54 24 26 25 7 42 11 27 5 30 14 46
'Daniel Stanley' 29 53 27 13 31 3 48 35 44 7 52 22 15 34 16 45 55 32 6 40 54 38 33 24 21 36 23 63 11 60 28 58 10 47 43 2 25 46 42 1 39 56 19 59 57 9 26 8 62 5 4 51 41 37 12 17 61 49 50 14 20 30 18
'Anne Williams MD' 54 50 29 6 28 10 25 5 31 53 16 8 36 49 22 60 56 17 14 43 59 44 38 7 3 4 18 48 26 9 47 30 1 24 11 21 27 41 15 58 13 55 63 62 51 52 46 35 37 61 23 32 12 34 33 19 42 40 39 45 20 2 57
'Veronica Villanueva' 44 56 33 15 6 37 13 14 49 19 36 62 23 3 55 40 34 52 4 11 12 39 22 45 21 28 26 2 50 10 27 53 61 54 16 58 7 57 38 30 31 9 17 47 24 29 20 25 42 63 35 8 43 46 5 41 18 32 59 51 1 60 48
'Richard Ellis' 40 62 53 38 50 59 34 27 36 61 22 39 33 31 48 15 44 42 7 5 25 24 41 12 49 46 29 17 2 37 23 21 57 19 52 56 6 63 9 26 35 11 51 14 54 58 32 1 8 16 43 18 3 20 13 60 30 4 28 10 47 45 55
'Matthew Sullivan' 48 8 23 3 28 24 58 61 52 42 30 10 13 38 53 56 36 33 63 60 15 57 6 54 41 43 32 39 17 40 45 62 20 18 47 37 35 49 12 11 9 26 19 29 44 27 1 14 21 59 50 4 55 51 7 34 46 16 2 5 31 22 25
'Shelby Berry' 5 45 50 51 58 6 4 25 10 56 36 17 33 21 29 40 48 32 52 15 16 22 42 2 19 9 1 49 38 43 59 63 47 18 44 35 20 28 53 62 30 12 8 27 13 46 26 7 54 23 31 34 11 37 61 57 14 60 24 55 3 39 41
'Tiffany Ortega' 1 53 31 7 11 9 33 50 19 61 56 38 35 58 52 41 22 40 3 13 46 20 55 25 44 51 10 49 48 54 43 30 28 39 8 37 42 59 47 26 12 36 62 17 14 15 16 29 18 60 34 63 57 4 2 24 45 6 21 5 27 23 32
'Shannon Jimenez' 51 15 14 53 5 12 45 32 9 46 50 31 19 29 42 61 43 7 35 39 23 24 33 40 60 34 6 4 36 41 28 2 13 62 49 55 8 25 57 11 20 63 21 17 56 47 48 30 1 10 59 58 52 38 22 3 54 26 37 27 44 16 18
'David Harvey' 22 13 59 46 40 10 36 62 20 50 21 5 8 3 56 31 24 54 39 61 48 6 44 38 51 49 17 37 45 32 33 29 41 28 16 43 52 47 4 11 2 27 57 55 14 19 1 15 42 23 34 12 7 63 9 53 58 26 30 35 60 25 18
'Annette Benjamin' 60 8 58 55 22 48 30 4 19 50 13 38 11 57 59 53 62 16 46 15 47 23 43 34 35 28 21 39 41 61 20 51 54 42 17 36 6 32 63 10 56 14 5 1 37 3 26 12 49 27 29 24 52 18 40 44 7 25 31 2 45 9 33
'Larry Meza' 35 57 36 13 46 33 6 16 52 49 48 24 51 21 27 60 62 9 50 37 39 59 22 44 19 25 5 43 26 4 18 29 15 7 34 14 8 1 56 38 23 10 2 11 63 32 31 3 30 45 53 54 61 28 47 40 20 41 42 55 58 17 12
'Debbie Hale' 60 44 50 31 27 10 8 1 62 3 7 63 5 34 48 57 42 54 46 40 19 47 49 12 30 36 16 35 14 17 25 33 56 15 37 26 59 4 53 52 20 29 58 39 2 6 21 32 23 28 24 55 43 38 41 45 61 13 11 18 9 22 51
'Christopher Lamb' 32 11 63 33 62 14 40 58 42 4 29 8 60 39 55 35 52 49 46 1 48 44 9 25 45 7 5 3 17 41 59 50 19 30 38 12 36 57 16 24 26 20 2 18 31 34 28 6 43 10 61 37 56 53 51 21 15 23 13 47 27 54 22
'Margaret Sanchez' 55 46 43 14 18 52 4 58 60 29 56 28 17 2 62 3 16 41 25 47 30 8 53 34 31 63 57 12 49 44 13 27 9 24 20 59 7 32 54 35 39 10 36 5 50 48 23 6 15 21 1 37 61 40 11 19 22 45 42 38 33 51 26
'Stephanie Miller' 11 55 62 23 31 41 33 54 46 40 39 9 4 14 42 20 5 53 47 38 6 36 56 43 61 49 18 21 16 51 37 32 28 22 10 48 34 50 1 59 13 15 12 24 30 58 45 63 27 29 25 35 2 8 26 44 60 17 57 52 7 19 3
'Angela Schultz' 61 43 46 8 31 45 48 38 14 44 36 58 63 40 22 47 30 21 39 28 25 6 59 34 20 3 33 35 53 55 29 49 32 11 50 2 41 60 27 56 9 26 4 17 15 23 18 54 51 57 5 13 62 1 19 10 52 12 37 24 16 7 42
'Jeff Owens' 1 40 8 33 38 16 26 48 3 35 21 37 22 44 58 34 59 11 17 5 15 10 2 18 12 63 61 32 31 62 9 43 42 53 6 45 4 41 20 13 19 49 57 30 27 55 54 14 52 47 56 50 7 24 28 46 36 23 51 29 39 25 60
'Paul Cain' 25 34 33 26 58 53 60 20 50 17 27 51 8 6 42 59 18 35 57 7 52 45 22 10 16 31 28 48 21 63 47 3 9 55 41 12 39 61 23 44 29 19 49 2 5 54 15 37 40 14 38 46 30 24 56 32 4 11 36 43 1 13 62
'Adriana Glover' 48 41 36 47 61 30 56 1 43 33 54 15 34 4 23 14 37 9 62 53 26 11 44 2 5 39 18 51 17 59 55 27 24 60 49 8 31 57 42 63 22 29 32 35 12 6 16 25 7 45 13 38 3 40 46 58 20 10 50 52 28 19 21
'Rebecca Crawford' 15 23 42 45 12 14 34 57 61 5 19 2 3 30 1 51 58 18 16 52 24 55 44 62 4 8 36 40 22 20 33 27 9 48 17 43 10 21 38 46 28 60 56 25 11 26 31 39 29 7 32 53 35 59 41 63 37 50 47 13 6 49 54
'Edward Bowen' 8 42 43 22 18 50 53 55 9 51 35 52 37 16 23 25 24 57 15 44 2 34 59 36 49 38 26 61 32 20 45 28 40 21 33 14 4 63 19 47 31 39 1 12 58 46 60 3 7 5 17 62 30 6 11 48 13 27 10 41 29 56 54
'Katherine Morton' 32 47 13 1 14 58 51 52 26 33 11 28 57 55 18 54 19 43 41 63 49 25 22 30 6 45 8 5 4 62 34 38 39 31 7 59 56 17 24 37 23 29 36 44 12 3 27 42 53 60 21 61 40 10 35 15 46 9 48 20 16 2 50
'Jeffrey Espinoza' 35 3 11 43 27 39 25 41 63 47 13 4 34 61 33 32 22 59 12 1 20 45 51 29 28 44 18 2 52 6 7 58 37 19 24 49 15 48 23 36 40 62 8 14 21 31 46 9 56 30 42 10 55 26 54 53 50 60 16 5 17 38 57
'Joshua Edwards' 8 21 61 18 28 22 59 56 57 16 53 48 58 14 38 3 31 49 11 37 60 47 55 29 20 40 46 27 33 17 63 13 43 41 7 34 54 36 19 9 24 51 35 15 25 45 26 23 10 52 30 1 5 39 4 42 6 44 32 62 50 2 12
'Daniel Thomas' 49 41 30 9 46 55 38 36 18 31 40 14 61 54 10 33 3 60 50 17 19 39 32 52 44 51 6 47 57 24 12 63 59 4 26 28 8 35 58 22 62 7 13 5 2 15 37 45 1 20 11 16 42 25 56 27 29 21 53 43 34 23 48
'Laurie Williams' 40 10 1 29 62 38 53 46 52 30 19 37 44 9 59 4 50 3 8 20 28 24 36 57 31 2 32 58 41 26 15 61 49 18 45 60 25 48 42 27 17 12 34 13 6 5 16 63 22 55 14 51 43 35 47 39 21 11 23 33 54 56 7
'Erica Taylor' 7 23 13 48 24 6 46 62 38 39 50 3 17 53 2 8 35 25 55 60 21 61 49 37 26 58 34 1 40 29 59 52 36 31 18 5 56 45 54 12 10 22 30 43 28 33 41 20 42 27 19 32 44 11 14 47 4 63 57 51 15 9 16
'Jamie Logan' 39 16 5 24 46 12 56 23 40 59 13 25 32 34 33 4 42 11 15 35 29 43 9 3 17 55 6 21 10 51 26 61 54 60 47 38 52 22 36 30 7 28 18 49 27 63 57 48 44 2 1 19 53 41 50 31 58 14 20 62 8 37 45
'Steven Hughes' 44 48 35 26 42 13 2 33 61 5 22 60 11 57 47 10 62 25 3 24 28 18 56 46 45 49 17 6 38 51 52 9 58 31 34 39 12 30 43 20 54 8 50 27 16 36 59 21 63 32 37 40 55 41 7 29 14 15 53 1 19 23 4
'Devin Crawford' 29 63 51 11 8 48 5 49 4 26 36 1 33 43 47 38 39 45 9 10 35 22 2 20 54 25 46 58 24 13 53 57 30 17 31 21 3 32 34 19 7 56 61 44 41 59 42 15 60 62 28 55 27 12 52 16 50 40 18 23 37 6 14
'Bethany Torres' 50 7 54 36 19 41 42 20 18 1 48 52 3 15 28 4 49 61 24 5 17 23 35 40 27 55 2 47 30 32 45 21 29 43 25 44 10 26 56 58 14 62 38 60 13 22 34 46 37 33 57 63 9 59 11 8 31 53 6 51 12 39 16
'Christopher Luna' 33 53 4 3 42 40 24 49 29 17 2 60 15 58 45 20 37 6 36 48 31 25 46 47 54 28 62 27 18 12 9 13 22 59 44 19 8 11 56 51 26 63 21 43 1 14 32 7 38 30 34 16 61 50 35 5 41 57 10 55 52 23 39
'Patricia Skinner' 62 21 4 45 48 63 51 18 12 33 36 58 16 15 27 1 53 55 32 17 29 6 61 54 43 52 50 31 34 24 20 49 37 47 59 11 56 23 44 10 26 40 46 22 5 8 39 28 3 25 9 7 35 42 2 41 19 13 30 14 60 57 38
'Cory Wu' 34 41 25 38 29 56 52 44 26 60 58 22 35 6 21 11 42 43 57 16 30 14 7 40 3 31 59 55 2 47 48 62 4 45 37 15 9 8 51 36 61 23 27 49 28 20 39 63 46 24 5 12 33 32 50 54 1 17 18 53 10 13 19
'Rebecca Harris' 59 19 29 21 16 9 37 26 56 34 53 47 4 60 33 11 46 49 20 10 31 43 44 12 35 38 52 6 15 22 45 14 32 28 39 17 24 36 54 42 51 41 2 23 50 48 1 62 7 18 63 8 5 13 25 61 57 58 27 55 40 30 3
'John Johnson' 25 58 42 23 32 55 33 9 27 62 21 37 53 59 63 56 11 22 43 13 50 20 47 54 19 15 3 49 45 30 17 4 35 46 14 8 39 7 41 51 57 18 44 2 5 29 28 12 48 26 36 38 40 10 52 34 16 6 1 61 60 31 24
'Mary Moyer' 32 34 48 31 19 21 61 14 44 11 42 46 5 4 17 51 27 24 60 52 15 55 28 10 53 59 26 23 1 49 25 3 39 6 2 13 62 33 63 43 54 16 29 38 36 40 47 58 57 12 45 30 22 8 56 41 35 37 9 7 18 50 20
'Jill Casey' 5 45 50 62 60 51 24 1 36 61 13 47 38 11 2 55 48 8 63 22 21 54 23 26 59 7 10 17 18 44 42 9 27 39 32 3 30 57 46 58 6 33 53 20 28 25 56 31 34 52 37 49 29 35 43 16 12 15 4 41 40 19 14
'Amy Young' 48 23 43 46 11 19 41 58 37 24 31 34 21 60 36 13 15 20 17 35 32 28 18 12 57 30 53 42 3 1 59 61 33 49 5 47 2 55 14 45 51 9 63 39 4 26 6 56 52 10 27 54 38 8 16 7 29 22 62 40 50 44 25
'Leslie Dennis' 57 12 58 27 6 52 39 15 61 31 29 37 32 28 53 41 2 40 35 24 9 7 51 16 1 11 22 62 30 50 49 17 34 3 47 38 60 44 48 42 8 20 25 21 63 59 4 18 10 14 23 43 5 36 19 45 26 55 46 33 13 54 56
'Denise Jordan' 20 10 5 18 29 11 14 27 62 54 1 41 56 60 6 30 49 53 24 26 34 7 9 44 22 42 39 4 57 52 28 32 50 12 31 35 21 15 13 48 19 61 3 45 36 40 23 16 43 38 51 46 37 2 8 17 63 33 25 59 47 58 55
'Theresa Cooper' 44 17 39 38 41 14 49 24 9 27 52 22 25 60 13 18 54 59 51 10 36 33 23 48 32 15 56 8 3 55 20 6 7 28 57 63 53 12 37 4 35 43 31 42 2 1 46 21 29 40 5 19 61 26 34 11 47 30 58 50 62 45 16
'James Neal MD' 39 47 24 63 34 58 28 25 19 21 59 62 60 18 1 49 35 15 48 37 54 50 38 55 30 27 44 2 29 33 20 6 9 40 43 61 10 8 13 7 51 5 52 46 56 3 16 41 45 36 57 4 53 23 22 14 26 42 32 11 12 31 17
'Stephen Parrish' 23 14 34 8 41 15 12 49 4 33 5 46 19 50 51 44 35 1 60 6 24 27 43 53 9 58 29 63 18 48 20 61 17 25 3 7 55 11 40 32 39 13 47 31 62 45 36 22 10 57 59 42 21 38 37 52 30 56 2 16 54 26 28
'Heather Lewis' 38 46 33 27 47 53 59 31 44 12 14 5 34 26 42 9 45 24 4 15 55 49 21 50 56 28 57 11 41 7 8 52 25 16 51 30 61 6 29 35 20 37 62 39 10 1 3 63 48 23 60 19 22 36 2 18 13 54 58 32 40 43 17
'Corey Castro' 17 16 10 38 47 56 41 42 53 20 22 7 49 57 48 55 43 8 21 61 31 12 2 18 59 11 40 52 24 25 45 13 15 39 3 37 32 60 4 36 23 19 35 9 33 63 1 14 44 50 27 58 6 34 30 51 5 29 28 62 54 46 26
'Jeffrey Wise' 7 51 38 39 49 57 60 41 40 24 2 43 16 15 47 42 25 26 62 27 56 61 19 5 31 54 29 36 34 50 35 6 22 13 53 9 58 8 45 18 48 21 55 33 32 3 59 11 63 28 30 14 23 4 10 44 37 52 46 1 17 20 12
'Devin Hodge' 38 57 3 4 17 48 10 43 49 47 13 53 35 18 52 9 39 45 8 22 7 61 46 1 31 33 59 44 30 56 27 63 54 50 14 62 51 26 29 21 58 16 55 24 20 23 34 40 28 19 32 41 42 60 12 37 5 36 15 6 25 2 11
'Dawn Simmons' 46 1 63 22 34 23 48 16 42 19 8 49 54 29 58 57 51 45 62 44 9 18 50 61 28 13 2 33 11 6 32 40 7 10 31 41 56 14 3 38 25 60 15 21 5 35 30 36 37 53 26 59 12 55 4 43 52 27 24 39 20 47 17
'Danielle White' 38 27 30 49 59 20 48 18 63 39 23 32 50 9 1 51 29 62 13 14 44 22 45 2 54 40 35 6 58 21 42 28 47 34 57 31 7 60 12 46 3 10 19 4 41 37 36 61 43 15 24 11 8 53 55 16 26 56 5 25 33 17 52
'Jennifer Collier' 29 57 33 9 36 58 1 42 51 53 48 18 3 47 59 8 46 13 4 38 20 17 43 40 54 2 23 50 28 55 37 62 44 5 6 60 11 31 35 24 27 15 41 30 16 22 52 26 61 45 32 34 7 14 56 12 21 19 63 25 49 39 10
'Chad Roberts' 8 37 30 20 58 3 17 43 28 26 41 19 36 14 10 46 32 12 22 47 40 54 42 5 34 23 56 15 57 4 16 45 1 55 35 44 29 51 11 25 31 18 2 60 48 21 50 59 27 38 53 62 7 61 63 39 33 49 6 52 24 9 13
'Scott Mendoza' 62 6 1 15 61 56 33 28 44 9 51 19 27 29 2 32 25 7 49 12 3 18 5 35 57 24 38 30 45 14 54 17 31 34 36 37 13 20 60 41 59 50 11 16 55 39 40 26 48 58 43 21 42 53 47 46 8 4 63 22 10 23 52
'Cheryl Carroll' 56 48 43 7 57 27 20 52 8 4 2 18 40 51 13 38 62 45 22 24 63 58 60 59 54 36 1 23 39 28 29 14 55 35 30 32 19 17 42 34 16 47 6 3 15 49 46 37 10 41 50 12 53 11 25 5 61 21 31 44 33 26 9
'John Gray' 14 48 39 9 35 19 26 7 18 3 34 16 22 15 58 61 12 52 6 2 11 62 46 51 25 32 44 50 54 56 17 1 24 20 21 29 63 23 4 45 37 59 31 42 5 13 41 43 40 55 8 47 27 36 10 60 28 33 49 53 57 30 38
'Erica Gomez' 36 43 20 4 54 29 14 27 35 22 16 25 47 37 10 59 45 11 44 46 8 57 21 31 1 2 26 34 3 42 49 23 63 5 62 6 18 61 24 33 55 19 53 30 51 9 52 17 39 13 58 38 60 15 56 32 48 41 50 28 40 7 12
'Mark Anderson' 28 2 10 56 48 9 32 5 14 50 43 23 42 19 25 35 13 39 57 34 41 30 54 6 27 33 47 63 62 37 60 26 20 61 29 12 45 38 31 24 4 21 36 18 44 59 51 40 1 52 58 3 53 46 17 49 7 11 16 15 8 22 55
'Daniel Gay' 1 3 63 55 14 51 15 42 33 27 54 53 34 43 5 49 58 29 23 40 46 50 13 47 6 17 18 35 16 52 21 36 2 37 28 57 60 25 7 9 30 20 8 11 12 39 41 26 4 44 22 32 38 59 45 62 48 56 19 24 31 10 61
'Brandon Byrd' 22 14 13 7 6 48 18 49 55 25 29 63 44 3 17 61 58 43 15 33 60 27 38 53 45 36 5 26 59 46 28 41 16 39 35 19 32 62 1 12 2 50 52 56 51 10 42 54 21 30 40 8 24 47 37 57 31 4 9 11 20 23 34
'Neil Marquez' 61 7 3 18 51 37 2 34 13 6 21 5 14 32 56 28 59 54 15 36 20 60 40 33 63 29 1 38 49 62 42 10 52 47 39 22 8 19 25 16 45 41 58 11 23 46 4 26 31 44 35 57 53 17 48 12 55 27 50 43 9 30 24
'Frances Lewis' 28 51 4 3 33 10 11 7 57 53 5 60 58 20 50 27 48 1 21 32 14 25 46 42 63 36 6 62 45 19 15 41 29 23 56 34 13 37 18 39 8 24 54 30 16 17 38 9 35 52 31 49 43 44 61 55 26 22 59 12 2 47 40
'Patricia Beard' 53 30 18 23 27 4 20 22 46 6 1 13 63 51 43 16 24 9 42 33 49 50 35 34 55 45 58 29 11 17 28 10 44 57 32 25 36 37 2 38 39 3 19 41 56 15 59 47 21 7 48 60 12 40 5 8 61 14 26 54 62 52 31
'Amy Fitzpatrick' 47 1 38 62 23 32 16 19 30 17 49 4 60 10 11 59 42 54 8 15 12 26 5 43 34 28 14 61 25 37 40 18 44 46 22 41 9 51 45 3 52 48 7 6 31 39 53 33 2 56 13 20 58 29 55 36 27 35 21 24 63 50 57
'Kelly Hoffman' 5 59 22 57 6 30 34 44 10 56 38 3 11 26 39 17 29 27 51 24 62 63 31 60 20 8 37 36 15 42 14 19 9 47 53 54 25 58 21 18 1 12 33 46 61 49 55 4 50 35 52 48 40 43 32 23 28 13 2 41 7 45 16
'Renee Valdez' 19 6 11 58 10 1 53 29 24 23 51 60 39 42 31 20 14 38 13 25 61 4 35 5 46 32 8 49 43 57 15 34 28 52 45 22 36 48 7 37 41 9 33 3 2 18 21 54 17 40 56 55 59 12 44 27 16 47 50 30 26 62 63
'Austin Bailey' 35 2 38 61 31 42 5 30 43 54 57 3 4 25 12 41 13 14 24 9 17 19 48 63 32 1 40 16 26 21 20 53 33 51 11 55 39 22 6 18 10 36 8 23 59 58 15 7 27 50 44 47 37 60 62 52 29 28 46 45 49 56 34
'Jason Riley' 12 17 46 29 31 6 40 36 28 14 52 32 62 7 27 24 23 42 58 53 21 4 44 30 54 51 39 26 10 9 5 34 50 38 60 11 20 25 48 33 1 63 47 61 56 45 41 19 59 2 35 15 22 16 57 8 49 18 13 37 55 43 3
'Jack Daniels' 40 11 32 52 28 51 34 33 14 37 59 16 21 10 20 9 22 15 45 18 25 55 3 48 17 19 23 8 39 38 60 29 42 62 31 2 61 53 7 13 36 24 47 63 6 57 41 58 49 4 50 5 44 30 56 27 43 46 35 26 12 1 54
'Amanda Benson' 14 5 36 56 47 2 31 55 48 57 54 15 30 4 40 6 33 13 35 27 58 10 22 24 26 39 34 17 59 60 49 16 18 62 44 23 46 37 53 11 61 20 1 41 25 45 29 7 51 8 42 50 43 38 63 12 32 21 19 3 52 9 28
'Carol Hall' 32 39 25 21 41 49 58 1 63 12 5 42 37 19 56 28 51 22 60 62 45 18 27 2 7 54 52 43 26 55 48 3 38 17 13 11 20 33 30 59 46 8 16 36 9 4 34 47 10 44 14 24 29 53 35 31 40 50 23 6 15 57 61
'Shannon Potts' 31 51 62 44 5 28 40 45 61 29 3 1 49 60 2 36 46 53 4 37 12 24 59 19 23 27 39 18 9 17 33 35 32 52 38 25 41 50 54 26 15 21 6 58 47 14 11 55 7 16 10 13 43 57 20 42 30 48 8 56 34 63 22
'Jeffrey Taylor' 41 54 48 16 52 56 34 38 49 37 47 44 36 58 33 6 21 9 24 55 25 50 59 61 12 19 57 62 30 60 5 1 15 17 2 11 14 39 4 20 43 8 32 40 3 42 46 29 22 53 45 31 51 26 13 10 28 27 23 35 18 7 63
'Karen Weaver' 39 2 27 42 40 21 58 32 24 9 16 38 41 33 25 35 56 49 1 48 43 50 18 45 6 36 12 57 51 13 54 46 22 53 30 4 60 28 23 11 26 20 3 17 10 31 55 8 61 34 44 15 29 19 5 37 59 47 14 7 63 52 62
'Molly Scott' 41 49 48 12 54 2 4 43 35 34 29 40 38 56 28 6 5 22 14 63 16 45 13 30 24 59 23 7 20 33 42 52 47 26 10 36 17 19 44 32 60 15 55 62 58 31 57 50 46 25 61 18 39 11 53 21 1 9 37 3 8 51 27
'Michael Lopez' 50 56 55 32 30 31 26 7 62 27 3 61 1 48 49 23 35 24 47 8 59 15 5 2 29 28 39 51 54 16 20 13 19 11 44 4 6 18 53 63 37 52 21 57 14 12 58 45 41 46 36 25 38 60 10 40 33 34 43 9 42 17 22
'Norma Stafford' 13 21 18 39 33 52 37 34 7 6 54 15 59 23 27 26 10 57 36 53 62 55 49 41 63 16 17 28 24 14 58 22 20 30 61 46 4 60 44 9 50 47 29 35 31 45 3 40 12 25 56 51 8 11 1 43 5 38 42 19 48 32 2
'Dr. Colleen Mayer' 53 49 50 42 6 26 9 62 16 29 12 39 34 63 61 17 33 36 56 41 58 59 46 5 30 54 4 8 40 3 51 60 44 20 1 45 23 15 31 13 7 43 21 52 55 35 10 14 11 22 48 19 47 18 57 24 28 32 25 27 2 37 38
'Jonathan Crawford' 50 47 60 11 29 45 20 16 52 38 15 61 7 56 10 55 6 12 43 14 31 24 49 36 28 59 17 58 3 42 41 19 48 26 18 44 1 34 5 62 51 4 33 9 39 46 21 13 40 27 53 22 32 63 2 57 30 25 8 23 54 35 37
'Gail Pierce' 27 48 11 42 2 52 5 37 22 62 25 40 21 39 34 30 3 60 63 50 17 56 6 36 18 32 9 38 13 44 35 8 12 1 33 47 19 49 54 59 23 41 58 10 4 53 7 31 28 26 24 20 29 57 55 14 61 43 15 51 46 16 45
'Kevin Cruz' 30 39 52 40 56 7 17 14 16 33 11 60 5 35 55 34 45 18 12 47 62 59 21 38 51 50 58 41 42 48 49 10 44 4 63 37 19 27 32 3 25 28 61 29 36 9 20 26 46 23 2 13 53 43 54 15 6 31 8 22 1 57 24
'Deborah Haynes' 35 13 37 42 56 16 29 14 20 17 62 32 24 46 63 3 47 2 58 7 55 57 18 27 59 33 5 11 53 19 10 6 30 22 15 54 31 38 45 26 61 39 25 36 23 4 44 40 9 21 60 28 41 1 52 43 49 50 48 34 12 8 51
'Alan Jackson' 10 49 48 21 9 37 40 43 23 3 12 20 47 50 28 35 27 41 2 61 33 24 30 54 51 36 45 39 32 42 1 25 56 19 6 59 14 5 11 22 18 13 8 7 29 53 60 34 63 46 44 57 31 38 4 58 16 17 62 15 55 52 26
'Heather Dixon' 19 45 10 46 21 25 56 7 26 5 30 29 1 12 16 33 24 17 14 31 40 13 22 32 37 2 54 43 41 3 35 39 27 62 52 42 44 8 63 48 38 53 60 59 50 11 49 61 9 51 28 4 23 47 58 55 36 15 20 57 18 34 6
'Sarah Howard' 59 44 23 62 24 12 42 13 63 48 58 9 41 15 40 50 32 7 36 6 30 20 17 11 57 29 37 51 4 55 34 5 49 31 28 1 56 46 16 19 14 54 21 25 43 18 35 47 2 61 8 52 38 22 26 3 10 39 60 27 33 53 45
'Jack Rowland Jr.' 51 10 36 50 3 19 30 29 45 44 40 1 15 55 53 28 32 11 4 46 27 9 21 34 18 54 47 62 63 56 43 25 6 22 26 20 5 39 41 38 12 31 57 61 60 14 58 8 13 7 35 33 49 59 24 37 42 2 23 48 16 17 52
'Brandon Ramos' 29 5 43 40 36 35 23 19 60 3 33 24 28 48 39 15 16 2 11 52 6 21 4 47 37 8 55 59 12 57 58 25 27 22 10 44 46 42 53 51 54 26 34 14 1 38 32 13 49 50 18 63 45 9 56 62 61 31 20 41 7 17 30
'Michael Graham' 53 32 33 12 50 22 8 4 16 35 20 27 15 17 38 54 61 26 46 23 21 9 58 47 1 36 51 2 29 52 7 59 49 24 28 10 6 30 48 5 18 37 39 34 13 42 60 31 43 14 3 19 56 45 63 44 62 11 41 57 25 40 55
'Paige Nielsen' 45 2 44 33 60 39 50 24 16 54 40 49 4 32 5 6 52 43 53 7 20 12 8 62 59 63 10 35 41 38 29 14 31 9 55 17 58 61 23 28 37 25 48 18 22 13 1 51 56 42 26 19 57 21 11 30 3 27 47 15 36 46 34
'Nicole Hudson' 11 40 53 36 14 43 51 27 9 16 34 28 47 18 31 24 30 13 4 38 61 58 5 48 26 25 7 15 52 39 50 2 57 3 12 56 17 37 54 10 55 29 45 8 60 49 22 21 42 44 59 1 6 23 32 20 19 46 33 35 62 63 41
'Lisa Bowers' 9 62 56 42 33 31 49 63 17 6 37 58 51 7 41 50 60 5 30 54 47 40 4 48 23 61 26 28 1 12 8 22 15 14 36 29 3 21 45 44 43 25 11 53 18 38 20 52 34 39 10 32 19 27 13 55 2 16 24 57 59 46 35
'Michael Wood' 14 5 36 61 35 60 43 1 29 3 28 45 8 13 10 2 59 62 20 51 30 52 15 19 55 17 44 12 11 32 18 48 34 57 16 25 6 50 41 33 47 53 46 42 38 24 58 4 63 37 9 39 49 7 23 27 56 21 26 22 40 31 54
'Cynthia Hughes' 15 26 14 40 22 20 5 21 43 57 31 42 46 13 8 37 19 50 53 9 27 39 3 16 44 36 35 32 12 11 49 41 17 4 28 47 10 55 24 51 6 34 54 7 60 1 29 2 62 18 48 45 23 38 25 56 58 52 61 63 33 30 59
'Alan Terrell' 21 26 35 43 55 45 17 7 5 18 61 51 50 38 10 57 30 9 59 6 39 44 31 37 16 13 12 25 58 29 49 27 41 20 40 54 22 34 62 42 24 47 1 53 32 63 14 11 48 3 4 52 28 19 2 36 46 56 33 60 8 15 23
'Glenn Price' 5 27 20 8 58 2 23 46 49 44 16 57 45 13 43 33 18 53 30 7 47 17 10 56 51 26 32 29 4 59 22 28 63 25 9 19 36 48 40 54 61 52 55 50 42 34 1 11 60 62 41 3 37 14 6 12 15 38 31 24 35 39 21
'Kayla Lopez' 55 62 29 49 45 37 22 53 44 41 46 40 14 36 34 7 12 31 10 13 43 24 35 52 5 3 60 26 48 28 6 42 11 57 32 54 47 61 56 20 59 17 1 58 9 8 63 50 39 4 15 51 33 25 16 19 38 27 30 23 2 18 21
'Lisa Maynard' 54 60 19 36 62 59 58 43 38 26 2 14 6 23 55 30 28 27 56 9 57 34 25 15 44 22 61 29 11 35 37 41 16 33 40 31 20 39 52 5 8 46 51 17 1 10 13 32 21 42 47 7 50 53 3 4 49 24 45 63 12 18 48
'Lindsay Murray' 43 55 8 44 9 56 40 15 30 25 7 42 62 19 53 24 35 49 22 31 60 59 14 48 18 17 27 26 58 57 46 3 29 50 51 21 63 20 54 13 37 4 36 2 45 33 28 23 47 12 5 61 10 39 34 6 32 41 52 38 16 11 1
'Emily Hines' 8 22 43 44 55 20 39 40 3 15 12 33 21 1 41 7 19 62 28 16 48 31 6 45 26 25 54 17 52 5 60 50 34 63 10 61 38 2 59 42 32 47 30 56 27 57 49 36 9 13 37 11 4 35 29 23 24 51 58 18 14 53 46
'Jasmine Henry' 55 38 45 48 31 11 26 32 12 1 25 28 46 3 35 30 40 8 51 29 18 6 42 60 21 5 59 7 47 44 56 13 52 23 2 9 24 4 16 50 41 43 62 54 10 61 27 14 58 33 17 34 37 19 39 20 63 15 53 36 49 22 57
'Derek Young' 6 62 16 4 58 29 53 32 44 25 1 18 23 28 17 45 61 3 56 37 12 54 11 52 26 13 59 40 43 41 51 22 57 47 60 31 10 8 14 27 15 35 20 36 5 9 34 46 63 38 39 48 30 33 42 55 2 19 21 24 7 50 49
'Joseph Murphy' 59 23 15 61 47 10 11 24 42 44 31 14 35 63 55 28 56 29 60 30 54 21 39 19 5 18 50 53 58 62 16 41 38 45 12 27 17 34 13 25 51 57 37 9 26 6 46 48 33 2 7 49 4 8 20 3 22 52 36 1 40 43 32
'Joshua Hall' 58 19 62 5 41 51 2 56 32 18 46 61 11 24 13 53 38 47 55 33 7 8 17 35 39 42 29 9 26 49 22 28 21 52 37 31 23 59 4 36 48 27 57 25 63 45 54 10 3 44 16 15 43 60 20 34 6 40 14 30 12 1 50
'Heather Henson' 17 39 37 52 21 43 57 24 5 25 16 38 48 11 47 62 40 20 7 31 30 34 44 3 41 26 45 1 32 58 18 54 27 12 8 50 23 2 19 15 14 6 49 4 36 63 56 53 59 28 42 33 46 10 51 60 55 35 29 61 9 13 22
'Jeffrey Davis' 20 58 18 55 60 48 14 45 26 19 39 56 29 9 30 8 13 38 40 23 33 10 34 46 49 1 5 54 4 62 43 16 2 17 50 53 24 25 42 15 37 11 51 12 3 59 35 27 7 41 6 47 44 52 57 31 63 36 22 21 32 28 61
'Robert Small' 11 53 19 4 36 38 22 47 61 46 26 12 27 41 45 20 48 49 52 13 31 6 57 32 42 30 33 60 7 34 43 24 50 18 29 35 51 59 23 40 16 2 8 1 62 21 44 37 58 54 3 5 14 17 28 10 15 55 39 9 25 63 56
'Mark Garcia' 17 11 13 19 20 62 38 44 60 10 2 14 53 46 40 47 45 26 9 30 28 18 58 37 57 41 34 43 35 22 39 12 55 56 51 6 61 27 49 25 16 23 42 29 52 50 24 4 59 7 3 32 21 15 31 54 8 36 63 33 48 1 5
'Tiffany Martin' 22 36 8 60 44 37 63 46 61 42 25 21 45 3 50 10 59 16 24 31 28 43 9 30 19 11 7 4 35 38 34 12 1 32 47 33 27 48 57 49 39 58 6 40 20 52 14 62 2 55 17 5 13 51 29 56 53 23 18 15 54 41 26
'Debra Taylor' 13 43 28 30 27 61 7 26 2 56 55 36 35 31 49 20 10 34 6 17 25 46 32 24 45 33 48 38 21 29 58 1 5 37 44 4 63 9 19 11 12 8 59 14 62 53 22 60 16 41 52 40 39 57 47 23 50 3 18 42 54 15 51
'Gary Daugherty' 24 61 60 39 26 8 43 13 63 58 29 2 57 31 15 10 18 38 4 36 14 62 59 46 3 27 53 54 40 1 34 44 32 28 22 49 30 42 9 35 20 19 21 48 25 55 12 50 5 16 51 45 56 11 41 23 17 47 6 37 52 7 33
'William Smith' 34 36 53 49 9 20 24 58 23 12 45 25 60 46 38 57 26 27 17 37 1 44 56 13 4 41 32 51 14 54 28 35 63 2 50 10 39 29 59 43 11 61 55 22 19 40 48 47 33 5 52 31 30 18 62 16 42 3 15 6 7 8 21
'John Powell' 37 33 45 63 55 54 1 17 25 53 21 46 29 27 43 12 20 52 50 47 61 6 3 48 62 9 40 13 31 16 42 4 30 22 44 36 39 60 28 56 10 5 49 41 26 24 23 35 19 59 8 15 34 14 11 38 58 2 32 18 51 7 57
'Briana Thompson' 47 17 46 21 26 22 19 43 14 41 25 45 42 16 48 12 40 37 51 55 50 36 13 59 39 49 58 18 23 63 24 60 10 1 2 56 57 9 27 32 5 44 4 28 3 6 33 54 61 7 53 35 62 15 8 31 29 11 34 20 52 30 38
'Thomas Torres' 40 54 33 32 58 39 48 46 62 59 38 15 8 41 16 51 24 57 45 26 13 5 14 49 30 42 11 12 60 61 2 43 7 47 22 18 44 27 28 4 29 1 20 35 6 63 23 52 50 34 17 55 3 21 56 25 31 36 37 53 19 10 9
'Joseph Monroe' 3 62 43 55 47 1 2 9 35 33 11 27 15 13 32 63 54 25 10 61 22 4 46 50 26 30 48 17 37 18 6 52 45 19 23 16 59 60 44 14 39 8 49 36 51 31 57 53 12 41 42 56 38 34 5 20 58 40 28 29 21 7 24
'Kelly Gardner' 19 21 44 61 26 41 56 10 59 31 15 33 6 12 49 20 63 58 22 57 50 45 47 28 38 23 25 16 48 4 11 46 51 62 34 9 55 13 60 1 36 32 53 54 52 5 42 3 39 2 27 43 17 18 14 8 24 30 29 7 37 35 40
'Dr. Stephanie Rivera DDS' 19 11 41 48 50 54 24 39 23 18 9 22 55 52 58 60 56 59 21 3 6 43 1 45 37 28 15 20 63 38 51 2 12 25 34 31 46 4 10 7 57 62 49 33 16 29 40 44 30 42 35 17 5 53 61 13 8 47 36 14 32 26 27
'Brian Edwards' 37 23 49 6 41 32 56 22 52 13 5 48 14 4 34 18 38 45 63 29 10 44 51 25 26 57 53 43 19 8 31 40 54 11 12 42 21 62 16 20 47 33 46 39 55 58 59 1 50 17 9 28 30 27 60 35 24 7 3 36 2 15 61
'Bryan Fuller DDS' 50 3 14 19 11 48 55 13 35 45 58 10 40 54 5 57 49 39 21 15 22 29 52 30 2 51 56 37 44 63 9 27 31 62 43 46 53 47 36 23 1 42 12 33 7 18 4 26 16 28 61 59 6 32 8 20 41 17 34 60 24 25 38
'Melinda Ferrell' 17 35 27 28 3 23 16 58 52 59 47 62 25 33 18 49 41 1 9 32 31 56 36 43 48 22 24 5 29 8 50 45 14 42 51 21 11 13 53 39 15 38 40 10 61 44 7 63 4 34 26 20 2 60 6 30 12 19 55 37 57 54 46
'Catherine Morris' 30 11 2 28 56 17 21 39 43 13 32 37 18 31 45 1 54 55 52 9 34 25 42 60 57 44 6 15 16 24 4 27 10 8 53 22 36 19 7 50 3 47 51 29 38 49 59 48 33 58 61 14 23 35 26 40 41 12 5 62 20 63 46
'Brian Bryant' 7 33 58 47 60 30 36 49 44 54 61 13 50 42 1 17 3 53 10 25 14 21 55 57 22 5 46 59 26 35 9 12 6 45 4 43 38 31 29 34 23 56 20 18 28 37 2 32 41 24 40 15 27 63 51 62 39 16 11 48 8 19 52
'Beth Williams' 48 56 41 50 37 19 4 25 43 3 11 39 58 10 38 18 27 9 47 40 49 21 5 24 22 13 23 55 33 32 2 31 16 12 7 62 1 36 60 34 63 61 30 44 57 35 52 45 51 26 46 53 8 42 17 54 20 28 6 15 29 59 14
'Anna Lewis' 51 62 37 52 19 14 56 2 32 63 58 12 46 10 24 15 28 11 57 30 31 42 3 55 21 17 8 25 34 6 38 18 4 27 59 41 23 7 13 20 36 35 60 16 54 9 53 44 47 45 40 48 49 22 61 43 5 33 50 29 39 26 1
'Lisa Rosario' 21 30 24 62 1 61 47 42 7 3 44 51 10 34 39 28 53 48 25 43 36 11 59 9 31 46 29 17 20 40 32 35 27 37 33 2 16 63 45 6 41 38 58 26 56 54 23 12 19 22 14 52 60 50 8 4 55 5 15 13 18 57 49
'Nathaniel Garcia' 46 23 3 15 45 60 59 7 22 62 49 48 58 44 63 2 57 43 5 37 11 41 54 47 25 52 28 36 13 31 33 27 21 16 20 35 40 6 14 17 50 61 38 30 53 51 9 55 26 19 56 10 34 4 29 24 1 42 12 39 8 32 18
'Peter Gibson' 57 33 53 44 9 59 54 27 31 11 7 21 43 38 6 40 4 23 17 12 49 26 42 55 51 56 8 60 30 52 14 45 35 61 19 34 24 3 16 15 29 28 25 62 41 13 20 39 37 36 1 5 47 63 50 10 58 46 48 32 2 18 22
'Luis Ross' 37 12 1 51 48 62 30 63 38 5 61 54 34 57 52 39 14 40 60 28 24 2 49 44 3 53 15 46 33 16 56 6 22 31 26 7 13 36 21 4 19 18 11 17 41 59 25 9 27 43 35 10 8 29 55 32 58 47 42 20 50 45 23
'Joshua Walker' 41 31 13 11 2 21 46 33 29 49 30 23 62 39 24 1 9 53 61 22 6 18 37 57 8 5 28 63 54 38 10 27 32 26 14 51 40 36 17 25 16 45 59 56 3 34 55 58 35 50 7 47 12 44 52 4 15 19 43 48 60 42 20
'Lauren Scott' 23 38 55 26 30 33 36 28 50 7 43 12 17 32 9 3 40 5 2 13 15 47 20 49 22 35 27 48 24 56 42 39 51 61 31 44 41 37 14 58 6 19 52 8 60 62 34 54 21 45 46 16 11 29 53 1 18 10 4 63 59 57 25
'Patrick Anderson' 8 3 35 29 47 1 43 39 12 37 17 63 42 61 52 21 11 46 54 10 36 18 22 38 24 62 28 2 34 41 59 5 40 14 19 50 13 44 45 33 27 15 51 4 25 32 31 16 60 56 6 57 48 30 53 9 7 23 20 58 55 49 26
'Lori Smith' 56 63 39 3 2 11 38 58 13 48 24 59 62 4 61 40 47 29 30 23 57 34 10 6 36 5 12 26 7 19 31 15 33 44 52 35 8 55 14 60 54 49 20 27 51 53 45 25 42 50 1 22 37 43 28 16 17 21 18 32 9 46 41
'Lindsay Jones' 6 56 55 28 12 40 52 54 37 24 2 51 18 59 36 26 5 32 4 63 27 53 34 47 60 10 8 19 46 50 49 14 41 61 3 22 48 17 35 38 23 1 45 44 43 39 13 42 33 57 29 25 15 16 31 62 58 30 7 20 9 11 21
'Rachel Wiley' 46 34 48 17 2 20 16 36 6 39 41 47 5 10 4 7 26 27 3 54 49 43 61 51 63 60 31 23 30 52 42 37 21 38 9 22 25 50 11 13 35 1 18 40 8 56 15 55 32 28 19 14 58 29 33 12 44 62 45 53 24 57 59
'Chelsea Riley' 31 37 23 34 4 32 10 3 2 9 33 35 38 36 13 42 55 57 29 26 14 27 15 30 18 44 59 58 6 5 7 43 17 60 46 8 45 61 22 19 62 39 50 53 21 41 52 16 28 51 20 1 12 63 11 49 47 54 56 25 24 48 40
'Kimberly Greene' 10 41 51 19 49 43 14 27 18 62 30 21 8 9 17 56 28 2 47 45 26 13 48 59 4 36 25 35 52 12 34 33 38 40 20 11 22 3 29 37 63 58 46 61 7 53 39 1 16 44 24 50 6 42 57 54 60 23 31 15 32 5 55
'Dillon Carey' 3 42 43 7 41 25 52 1 45 11 55 5 30 8 61 24 36 12 44 29 39 15 33 49 50 26 27 46 14 53 56 32 22 57 48 34 63 20 37 47 28 40 62 13 21 31 18 59 4 54 16 23 6 35 10 2 58 9 51 38 19 17 60
'Patrick Obrien' 57 55 56 22 26 42 29 1 58 8 7 25 32 27 10 2 51 20 53 37 12 24 35 38 19 40 18 41 47 49 59 48 34 39 13 60 62 3 23 15 14 5 21 44 36 16 6 31 54 28 17 4 43 33 50 46 9 52 61 63 30 11 45
'Kevin Spears' 56 34 29 49 1 24 7 17 5 62 13 11 16 59 41 14 52 38 2 55 3 61 25 39 35 48 22 26 33 27 31 23 30 32 46 60 51 15 50 12 45 47 40 57 9 37 53 8 20 44 10 36 18 58 4 28 21 6 63 54 19 43 42
'Joshua Taylor' 37 27 34 30 29 35 49 14 23 61 17 31 11 42 52 4 33 60 36 22 12 18 56 50 51 53 45 62 7 43 38 21 41 57 15 54 58 10 3 40 39 28 63 1 5 2 44 19 55 9 8 24 25 26 20 59 13 47 46 48 32 16 6
'Kenneth Wong' 3 11 1 60 54 15 55 56 21 2 49 10 13 58 41 40 9 20 8 23 26 25 12 53 48 24 16 43 33 59 63 5 46 38 7 36 27 50 45 4 62 44 18 17 14 51 31 19 42 22 32 30 28 35 39 61 52 34 47 29 37 57 6
'John Moore' 19 42 17 56 11 30 12 32 24 37 22 18 23 57 5 35 21 16 41 60 29 26 61 4 40 44 50 28 48 8 36 7 49 27 59 1 31 2 54 52 53 6 20 55 38 45 9 33 43 47 34 39 63 51 46 58 13 15 14 3 62 25 10
'Benjamin Johnson' 31 50 37 29 51 61 2 19 25 49 1 28 35 8 17 60 45 12 23 7 6 53 4 40 42 16 11 52 34 44 36 38 32 24 59 43 22 21 48 5 10 9 26 62 20 33 47 63 15 57 46 55 54 18 30 14 58 3 27 41 13 39 56
'Jeffrey Harris' 43 24 8 56 16 23 12 4 41 53 60 6 26 35 58 49 42 38 59 33 31 45 25 20 37 17 13 61 27 47 48 46 54 10 51 30 39 52 3 1 29 40 19 18 57 15 14 44 2 62 32 22 9 63 21 34 7 28 5 36 50 55 11
'Justin Edwards' 57 29 16 8 28 21 25 1 44 22 51 10 30 32 37 36 60 47 6 41 2 33 46 19 14 40 50 23 9 35 5 53 54 11 24 55 45 34 27 62 49 7 39 38 20 17 13 26 31 12 48 61 63 15 18 3 4 59 42 58 43 52 56
'Katie White' 18 8 15 29 55 30 56 39 12 51 23 42 9 60 41 7 33 21 58 27 32 10 20 62 48 49 35 24 44 34 4 25 47 1 28 57 40 63 36 52 19 38 61 54 46 31 53 37 13 16 14 17 22 43 2 26 59 5 3 50 45 6 11
'Richard Robertson MD' 22 52 30 38 44 6 2 63 55 49 18 11 35 62 36 3 58 46 28 20 32 60 25 26 7 24 23 47 43 45 51 54 17 19 27 50 40 37 16 15 57 56 8 41 14 1 61 4 12 34 33 29 21 39 9 13 5 59 42 10 53 48 31
'Todd Carter' 21 18 54 4 52 29 17 40 41 20 28 9 57 47 44 23 26 31 7 59 50 39 46 62 13 49 51 12 34 58 36 55 25 16 48 33 53 37 14 27 15 2 45 60 56 19 32 11 8 22 6 10 24 63 3 43 30 42 35 61 38 1 5
'Damon Martin' 18 57 12 20 45 19 24 40 11 4 3 44 36 25 13 32 7 2 47 27 28 53 62 23 55 15 58 26 60 30 61 29 51 39 9 59 50 63 49 17 16 35 52 21 10 33 6 48 38 43 31 1 5 46 56 37 8 34 22 41 54 14 42
'Ashley Valenzuela' 14 15 4 39 58 40 28 11 24 45 43 59 17 60 37 13 10 34 25 21 22 35 56 31 48 36 62 8 38 41 3 16 55 42 46 61 54 5 51 33 9 63 19 30 50 57 32 49 52 20 7 6 2 44 53 27 29 18 26 47 12 23 1
'Shannon Collins' 14 19 45 27 53 34 5 41 56 36 32 15 35 44 59 54 21 6 50 11 37 12 47 46 58 3 16 48 23 20 60 4 43 31 63 33 17 61 55 62 52 18 24 1 51 57 40 39 8 7 38 2 25 26 30 28 49 29 9 10 42 22 13
'Andrew Wallace' 14 3 62 12 51 5 36 48 10 46 24 15 20 9 59 53 6 60 16 40 1 41 2 21 57 19 27 17 34 52 63 55 33 18 7 26 61 31 32 30 25 11 49 42 56 8 43 23 29 58 37 22 54 47 45 39 4 44 38 50 13 28 35
'Ashley Romero' 9 48 41 54 11 32 44 7 20 37 31 5 8 10 46 4 40 36 29 62 51 27 42 15 1 35 55 39 59 56 45 63 12 16 50 57 38 28 53 58 34 6 30 47 19 33 60 22 23 49 17 3 43 2 52 24 21 61 26 25 18 13 14
'Justin King' 51 54 12 25 17 19 7 29 35 60 3 6 11 52 47 38 13 9 43 28 5 14 27 31 50 44 53 57 18 34 24 4 59 1 16 39 8 56 2 42 49 58 22 26 41 15 33 32 62 48 46 10 61 37 55 45 20 30 40 36 63 23 21
'Brett Allen' 16 3 34 7 42 58 51 46 52 6 54 45 27 63 13 29 2 22 15 49 41 39 57 8 32 25 9 33 47 60 48 1 50 30 12 23 4 40 37 62 11 28 59 26 56 36 19 21 10 55 18 61 24 53 38 20 5 43 17 31 14 44 35
'Amy Rivera' 49 6 32 14 50 59 47 28 63 51 57 7 11 46 53 26 40 35 8 33 1 45 34 48 2 21 61 37 58 22 29 56 54 41 20 15 36 44 27 31 38 5 18 42 13 60 10 30 17 3 62 19 25 55 52 12 23 24 43 16 9 39 4
'Matthew Campos' 53 2 18 63 60 59 43 62 39 49 42 7 32 33 23 58 40 30 57 19 50 54 8 35 25 56 44 17 34 24 1 6 52 48 10 27 3 11 13 28 36 38 45 21 47 12 61 51 22 15 16 46 4 31 9 41 55 14 29 5 37 20 26
'Megan Taylor' 25 16 22 35 23 26 14 17 59 48 11 61 7 39 10 37 52 2 51 1 18 41 53 63 43 30 50 42 60 12 15 3 62 34 24 31 36 49 47 54 27 28 9 56 38 32 8 20 57 33 19 58 46 29 6 55 45 4 13 5 44 40 21
'Reginald Clark' 33 52 11 6 28 34 61 17 2 19 50 14 60 10 39 26 16 56 30 38 25 42 43 5 55 32 37 48 40 7 45 20 13 41 36 53 12 3 63 51 35 29 4 58 49 62 54 1 57 9 59 24 44 47 27 8 31 22 15 18 23 21 46
'Amanda Crane' 30 56 14 26 39 40 20 28 35 12 51 62 63 13 48 37 41 24 53 42 32 58 11 45 9 7 21 33 17 31 59 52 16 1 8 4 49 43 23 2 29 44 60 38 47 22 10 15 46 18 57 27 34 6 54 55 36 19 25 50 5 3 61
'Tyler Wu' 20 5 60 9 24 17 59 55 12 52 11 13 28 23 48 10 4 54 15 35 34 21 25 3 45 30 18 27 61 63 38 33 6 22 36 29 32 37 16 49 58 8 42 26 56 57 40 39 62 51 2 46 50 43 1 41 47 19 7 44 14 53 31
'Kelly Williams' 42 17 3 10 22 50 6 7 43 34 18 15 58 36 45 35 16 21 62 5 38 23 8 44 19 25 53 48 24 29 60 26 57 27 51 61 1 59 49 47 46 56 37 31 55 63 20 14 12 30 2 4 28 13 52 33 32 40 41 54 39 11 9
'David Brown' 7 32 51 31 38 11 52 26 63 6 54 3 46 9 40 24 62 33 2 44 50 5 49 15 47 58 45 34 36 28 25 41 13 37 61 27 56 20 8 16 43 48 17 35 19 29 60 4 53 1 12 18 42 10 57 55 23 21 30 59 14 22 39
'Sue Watson' 30 17 23 25 49 15 1 11 3 8 36 20 41 39 44 56 33 45 4 59 7 13 24 40 48 62 43 12 31 32 37 50 57 27 16 47 53 14 18 54 34 35 2 10 46 38 60 5 61 42 21 22 19 26 9 29 55 52 6 51 58 63 28
'Tammy Stone' 12 25 46 14 63 22 26 5 56 24 32 60 34 10 4 16 18 40 17 53 8 43 29 45 52 37 38 28 3 48 31 59 36 55 47 62 58 21 9 15 11 49 61 7 54 20 51 50 2 23 13 1 39 42 41 33 6 44 27 57 19 35 30
'David Sims' 23 29 32 45 39 34 25 1 61 12 28 41 15 50 51 10 55 17 14 54 56 11 31 38 52 16 53 43 19 58 48 4 62 24 37 57 2 59 9 35 20 22 42 33 27 44 49 26 13 36 47 40 3 7 21 6 5 46 18 8 63 60 30
'Michele Cabrera' 51 18 62 5 33 17 6 34 26 15 36 10 20 13 2 54 28 61 50 57 29 14 1 63 25 45 42 58 43 40 52 39 22 41 55 48 49 19 7 23 30 37 16 53 35 11 44 24 59 32 3 4 38 9 31 47 60 12 8 21 56 27 46
'Christine Clarke' 35 43 6 42 2 16 47 44 54 3 37 17 34 18 9 31 49 21 12 33 60 59 40 25 57 56 46 50 20 8 63 5 10 13 7 22 27 19 23 29 61 45 48 14 32 26 62 53 38 52 39 41 36 58 15 24 4 1 30 28 11 51 55
'James Collins' 4 2 55 45 29 7 34 38 50 16 57 37 18 1 43 48 10 40 13 59 62 12 60 28 26 21 36 47 46 8 20 25 30 49 22 14 44 24 6 52 23 5 56 41 15 17 32 31 35 53 54 27 9 39 3 63 51 58 33 19 61 11 42
'Michael Patterson' 45 55 14 57 6 52 53 28 38 9 56 21 36 20 5 59 27 58 15 4 3 47 7 35 22 8 61 48 39 24 42 46 54 16 62 23 44 12 41 19 13 17 30 43 1 29 34 32 37 40 51 49 33 50 10 2 25 60 31 11 18 26 63
'Lori Lopez' 63 30 11 59 18 27 33 36 26 22 29 28 56 62 46 58 25 1 13 45 47 40 19 5 44 3 15 32 50 55 2 57 7 8 37 42 49 31 41 60 43 14 54 4 6 10 12 48 61 35 9 20 24 38 51 16 52 17 39 23 21 53 34
'Erica Fitzgerald' 16 12 14 57 30 11 4 15 46 9 62 63 17 20 40 28 38 29 6 33 49 50 25 47 23 26 44 55 58 8 43 45 39 32 52 24 27 53 1 59 41 56 42 51 35 21 5 13 34 37 19 60 61 18 7 48 2 31 10 22 54 36 3
'Michelle Mitchell' 32 10 51 60 9 3 30 54 13 16 31 33 45 19 24 29 18 38 46 47 28 49 41 21 23 50 4 62 26 35 1 22 11 55 44 36 8 63 42 57 12 17 58 7 43 61 37 34 56 40 14 20 2 48 5 39 15 59 27 25 6 52 53
'Pamela Holt' 48 17 29 2 5 61 31 3 25 21 22 43 7 40 13 45 38 51 12 49 10 60 6 36 46 54 9 55 16 37 47 33 59 28 41 56 24 63 39 26 4 32 18 44 1 34 20 35 42 14 27 57 50 19 30 52 8 62 23 15 53 58 11
'Stephanie Bautista' 62 33 9 26 10 6 60 47 49 51 56 59 45 21 37 11 1 39 31 46 7 50 48 4 32 34 42 8 18 20 58 23 16 43 22 13 63 61 15 29 24 5 17 41 57 12 19 14 38 35 3 55 30 25 53 54 36 2 40 27 44 28 52
'Kimberly Ortiz' 48 38 63 47 11 21 22 23 30 58 25 19 49 57 16 45 43 24 10 5 39 29 62 52 26 34 41 59 9 1 31 46 37 55 33 36 35 18 7 42 8 6 51 13 12 32 54 50 40 4 17 27 28 61 20 44 2 3 56 15 60 53 14
'Sarah Dominguez' 40 33 6 45 51 44 9 41 46 18 31 4 2 49 57 7 8 63 52 43 5 20 47 34 22 23 55 62 38 27 1 36 53 50 21 15 25 32 59 24 16 56 58 29 12 39 42 54 61 60 37 13 48 26 35 28 14 17 19 3 10 30 11
'Jack Long' 25 50 47 26 31 45 39 40 32 15 27 46 4 59 20 43 5 55 23 44 7 41 36 18 1 28 22 63 58 54 30 6 24 57 10 38 9 8 35 11 17 51 34 42 37 13 60 14 33 29 48 2 56 19 12 53 21 49 3 62 61 16 52
'Dr. Donna Sparks' 11 50 3 35 19 60 22 15 54 23 9 36 33 30 14 5 41 52 46 25 38 58 39 43 28 47 62 37 13 63 55 7 44 48 31 61 10 17 12 1 32 18 45 49 6 21 2 42 34 27 8 56 24 57 51 20 4 59 26 29 40 16 53
'Carla Herrera' 60 35 18 41 39 54 15 17 10 42 6 22 5 4 11 62 44 13 2 29 57 8 12 30 51 27 58 50 32 40 14 46 16 21 23 37 20 59 25 45 55 33 36 31 34 7 9 56 63 52 48 26 61 24 3 43 38 49 19 47 1 28 53
'Leah Hamilton' 56 1 14 54 12 10 22 51 27 2 33 20 24 6 58 7 53 17 38 9 11 25 29 8 34 39 13 41 42 55 19 59 43 49 15 46 5 28 63 40 44 23 52 60 32 30 3 50 31 47 62 61 45 26 48 4 37 21 35 18 36 57 16